-2.321052631578947256e+00 -2.936842105263158142e+00 -2.947894736842105345e+00 -1.998730723533154841e+00 0.000000000000000000e+00 0.000000000000000000e+00 -2.783927546408124343e+00 -4.371536842105262721e+00 -3.000000000000000000e+00 0.000000000000000000e+00 0.000000000000000000e+00 -1.622865497076023455e+00 0.000000000000000000e+00 0.000000000000000000e+00 -3.520467836257311078e-01 0.000000000000000000e+00 -1.985380116959064134e+00 0.000000000000000000e+00 -3.063157894736841858e+00 0.000000000000000000e+00
-1.386420140805612711e+00 -4.431678786897879974e+00 0.000000000000000000e+00 0.000000000000000000e+00 0.000000000000000000e+00 0.000000000000000000e+00 -1.499368867082961687e+00 0.000000000000000000e+00 -2.699999999999999734e+00 -8.317251461988304229e-01 -2.699999999999999734e+00 8.886410942610762920e-01 -4.527789919714541256e+00 0.000000000000000000e+00 0.000000000000000000e+00 0.000000000000000000e+00 -2.115789473684210442e+00 -1.767707956517207579e+00 -4.063966084263844536e+00 0.000000000000000000e+00
-3.063157894736841858e+00 -2.936842105263158142e+00 -1.863157894736842124e+00 0.000000000000000000e+00 0.000000000000000000e+00 0.000000000000000000e+00 0.000000000000000000e+00 0.000000000000000000e+00 -2.747368421052631682e+00 0.000000000000000000e+00 0.000000000000000000e+00 -2.621052631578947079e+00 0.000000000000000000e+00 -1.878947368421052699e+00 -1.626315789473683937e+00 0.000000000000000000e+00 -2.131578947368421240e+00 -2.987861539595909832e+00 0.000000000000000000e+00 0.000000000000000000e+00
0.000000000000000000e+00 0.000000000000000000e+00 0.000000000000000000e+00 0.000000000000000000e+00 0.000000000000000000e+00 0.000000000000000000e+00 -2.810526315789473539e+00 -2.684210526315789380e+00 -1.926315789473683981e+00 0.000000000000000000e+00 0.000000000000000000e+00 0.000000000000000000e+00 0.000000000000000000e+00 -1.689473684210526239e+00 0.000000000000000000e+00 0.000000000000000000e+00 -2.052631578947368141e+00 0.000000000000000000e+00 0.000000000000000000e+00 0.000000000000000000e+00
0.000000000000000000e+00 8.960127672900144447e-01 8.428816293607580556e-01 -3.005343890534752038e+00 0.000000000000000000e+00 0.000000000000000000e+00 -2.065688992901292931e+00 0.000000000000000000e+00 0.000000000000000000e+00 0.000000000000000000e+00 0.000000000000000000e+00 0.000000000000000000e+00 -1.605733034851240193e+00 8.385765729741795349e-01 0.000000000000000000e+00 0.000000000000000000e+00 0.000000000000000000e+00 -2.365688992901292753e+00 0.000000000000000000e+00 0.000000000000000000e+00
0.000000000000000000e+00 0.000000000000000000e+00 -1.863157894736842124e+00 0.000000000000000000e+00 0.000000000000000000e+00 0.000000000000000000e+00 0.000000000000000000e+00 -2.447051851509711717e+00 0.000000000000000000e+00 -2.557894736842105221e+00 0.000000000000000000e+00 0.000000000000000000e+00 0.000000000000000000e+00 0.000000000000000000e+00 0.000000000000000000e+00 0.000000000000000000e+00 0.000000000000000000e+00 0.000000000000000000e+00 0.000000000000000000e+00 -1.752631578947368318e+00
0.000000000000000000e+00 -2.945976171084779605e+00 0.000000000000000000e+00 -2.873684210526315841e+00 0.000000000000000000e+00 0.000000000000000000e+00 0.000000000000000000e+00 0.000000000000000000e+00 0.000000000000000000e+00 0.000000000000000000e+00 0.000000000000000000e+00 -2.763157894736841591e+00 0.000000000000000000e+00 0.000000000000000000e+00 0.000000000000000000e+00 0.000000000000000000e+00 0.000000000000000000e+00 0.000000000000000000e+00 0.000000000000000000e+00 -1.764507729561993754e+00
-2.621052631578947079e+00 0.000000000000000000e+00 -3.063157894736841858e+00 0.000000000000000000e+00 -3.496176164549304133e+00 0.000000000000000000e+00 0.000000000000000000e+00 -4.609484174381551114e+00 -2.303201936686789519e+00 -2.873684210526315841e+00 -2.492675620897315980e+00 0.000000000000000000e+00 0.000000000000000000e+00 0.000000000000000000e+00 0.000000000000000000e+00 0.000000000000000000e+00 0.000000000000000000e+00 -2.763157894736841591e+00 -2.431578947368420618e+00 -2.621052631578947079e+00
0.000000000000000000e+00 -2.321052631578947256e+00 0.000000000000000000e+00 0.000000000000000000e+00 0.000000000000000000e+00 -2.178947368421052744e+00 0.000000000000000000e+00 -4.571052631578947256e+00 0.000000000000000000e+00 0.000000000000000000e+00 0.000000000000000000e+00 0.000000000000000000e+00 0.000000000000000000e+00 -4.192105263157895223e+00 0.000000000000000000e+00 0.000000000000000000e+00 -3.998684210526315397e+00 -1.863157894736842124e+00 0.000000000000000000e+00 0.000000000000000000e+00
-2.963525103402594230e+00 0.000000000000000000e+00 0.000000000000000000e+00 0.000000000000000000e+00 0.000000000000000000e+00 0.000000000000000000e+00 0.000000000000000000e+00 0.000000000000000000e+00 0.000000000000000000e+00 0.000000000000000000e+00 0.000000000000000000e+00 0.000000000000000000e+00 0.000000000000000000e+00 0.000000000000000000e+00 0.000000000000000000e+00 0.000000000000000000e+00 0.000000000000000000e+00 0.000000000000000000e+00 -1.878947368421052699e+00 -2.447368421052631859e+00
0.000000000000000000e+00 0.000000000000000000e+00 -1.878947368421052699e+00 0.000000000000000000e+00 0.000000000000000000e+00 0.000000000000000000e+00 0.000000000000000000e+00 -1.863157894736842124e+00 -4.270866452861606710e+00 0.000000000000000000e+00 -2.699999999999999734e+00 0.000000000000000000e+00 0.000000000000000000e+00 -2.242105263157894601e+00 0.000000000000000000e+00 0.000000000000000000e+00 0.000000000000000000e+00 0.000000000000000000e+00 0.000000000000000000e+00 0.000000000000000000e+00
0.000000000000000000e+00 0.000000000000000000e+00 0.000000000000000000e+00 0.000000000000000000e+00 0.000000000000000000e+00 0.000000000000000000e+00 0.000000000000000000e+00 0.000000000000000000e+00 0.000000000000000000e+00 0.000000000000000000e+00 0.000000000000000000e+00 0.000000000000000000e+00 0.000000000000000000e+00 -2.618991410371000139e+00 -2.936842105263158142e+00 0.000000000000000000e+00 0.000000000000000000e+00 -3.032731418476827479e+00 0.000000000000000000e+00 0.000000000000000000e+00
0.000000000000000000e+00 -2.699999999999999734e+00 0.000000000000000000e+00 0.000000000000000000e+00 0.000000000000000000e+00 0.000000000000000000e+00 -1.989473684210526283e+00 -2.810526315789473539e+00 0.000000000000000000e+00 0.000000000000000000e+00 0.000000000000000000e+00 -1.878947368421052699e+00 0.000000000000000000e+00 0.000000000000000000e+00 0.000000000000000000e+00 0.000000000000000000e+00 0.000000000000000000e+00 -2.026032809566018944e+00 0.000000000000000000e+00 0.000000000000000000e+00
0.000000000000000000e+00 0.000000000000000000e+00 0.000000000000000000e+00 0.000000000000000000e+00 0.000000000000000000e+00 0.000000000000000000e+00 0.000000000000000000e+00 0.000000000000000000e+00 0.000000000000000000e+00 0.000000000000000000e+00 -2.898243095412417425e+00 0.000000000000000000e+00 -2.817382340777960792e+00 -2.431578947368420618e+00 -4.053705989110707897e+00 0.000000000000000000e+00 -4.931395614638908853e+00 0.000000000000000000e+00 -2.469245501526314612e+00 0.000000000000000000e+00
0.000000000000000000e+00 -1.863157894736842124e+00 -2.305263157894736903e+00 0.000000000000000000e+00 0.000000000000000000e+00 0.000000000000000000e+00 0.000000000000000000e+00 0.000000000000000000e+00 0.000000000000000000e+00 0.000000000000000000e+00 -2.178947368421052744e+00 0.000000000000000000e+00 -3.468947368421052779e+00 -2.884823521070368102e+00 0.000000000000000000e+00 0.000000000000000000e+00 0.000000000000000000e+00 0.000000000000000000e+00 0.000000000000000000e+00 0.000000000000000000e+00
0.000000000000000000e+00 -1.956013602878303503e+00 -2.052631578947368141e+00 0.000000000000000000e+00 0.000000000000000000e+00 0.000000000000000000e+00 0.000000000000000000e+00 -2.052631578947368141e+00 0.000000000000000000e+00 0.000000000000000000e+00 0.000000000000000000e+00 0.000000000000000000e+00 -1.563157894736842302e+00 0.000000000000000000e+00 0.000000000000000000e+00 0.000000000000000000e+00 0.000000000000000000e+00 0.000000000000000000e+00 0.000000000000000000e+00 0.000000000000000000e+00
-2.573684210526316019e+00 -5.212894736842105026e+00 0.000000000000000000e+00 0.000000000000000000e+00 0.000000000000000000e+00 -2.115789473684210442e+00 0.000000000000000000e+00 0.000000000000000000e+00 0.000000000000000000e+00 0.000000000000000000e+00 0.000000000000000000e+00 -1.942105263157894779e+00 0.000000000000000000e+00 0.000000000000000000e+00 -2.242105263157894601e+00 -5.083894736842105466e+00 -2.257894736842104955e+00 -1.926315789473683981e+00 -2.000480293112487207e+00 -2.699999999999999734e+00
0.000000000000000000e+00 0.000000000000000000e+00 0.000000000000000000e+00 -1.815789473684210398e+00 0.000000000000000000e+00 0.000000000000000000e+00 -3.903825406408026222e+00 0.000000000000000000e+00 0.000000000000000000e+00 -1.563157894736842302e+00 -2.510526315789473717e+00 0.000000000000000000e+00 -2.557894736842105221e+00 0.000000000000000000e+00 0.000000000000000000e+00 0.000000000000000000e+00 0.000000000000000000e+00 -4.569473684210526798e+00 0.000000000000000000e+00 -2.936842105263158142e+00
0.000000000000000000e+00 0.000000000000000000e+00 -1.752631578947368318e+00 -3.000000000000000000e+00 0.000000000000000000e+00 0.000000000000000000e+00 0.000000000000000000e+00 -1.563157894736842302e+00 0.000000000000000000e+00 0.000000000000000000e+00 -1.626315789473683937e+00 0.000000000000000000e+00 0.000000000000000000e+00 0.000000000000000000e+00 0.000000000000000000e+00 0.000000000000000000e+00 0.000000000000000000e+00 0.000000000000000000e+00 0.000000000000000000e+00 0.000000000000000000e+00
0.000000000000000000e+00 0.000000000000000000e+00 0.000000000000000000e+00 0.000000000000000000e+00 0.000000000000000000e+00 0.000000000000000000e+00 0.000000000000000000e+00 0.000000000000000000e+00 0.000000000000000000e+00 0.000000000000000000e+00 -2.684210526315789380e+00 0.000000000000000000e+00 0.000000000000000000e+00 0.000000000000000000e+00 0.000000000000000000e+00 0.000000000000000000e+00 0.000000000000000000e+00 -2.404980177987071421e+00 0.000000000000000000e+00 0.000000000000000000e+00
1.497698179977700494e+00 2.028673481781045229e+00 6.180131690001404721e-01 4.919043022897227058e-01 2.992340654380257092e+00 2.303076898215425050e+00 6.040417757494386253e-01 3.901897439320986649e+00 3.632775834788291469e+00 1.274887886313564422e+00 6.230746688852961679e-01 2.165676805271509409e+00 2.825015355794897154e+00 3.148588816609268370e+00 1.662288297542382498e+00 1.972843666242202199e+00 3.854984269111395800e+00 2.308251081679045136e+00 1.735893621759697858e+00 2.120121675152869312e+00
1.272874044964164453e+00 2.264749462941239244e+00 -3.292617016421983678e-01 2.037496484152045984e+00 -7.864233732639558383e-03 -4.641812865497076945e-01 -1.446496015760012632e-01 2.147145144599874378e+00 0.000000000000000000e+00 1.492150663848639258e+00 6.276301101608771082e-01 0.000000000000000000e+00 9.143181286549708631e-01 1.211691568169348310e+00 4.813519662032075125e-02 8.867650569266104510e-01 2.541361134322463577e+00 8.555854227923631594e-01 2.384927902881272543e-01 7.150666763598083620e-01
-1.246198830409356972e+00 0.000000000000000000e+00 0.000000000000000000e+00 -1.540147005444646000e+00 0.000000000000000000e+00 -1.845498470535312796e+00 0.000000000000000000e+00 0.000000000000000000e+00 0.000000000000000000e+00 -8.305096838547487703e-01 2.958942626837360867e-01 2.888888888888888062e-01 -3.551520467836257744e-01 -1.804163944343617487e+00 -2.485380116959064190e-01 -6.988304093567251352e-01 0.000000000000000000e+00 -9.913508771929826491e-01 0.000000000000000000e+00 3.989087541395477943e-01
0.000000000000000000e+00 0.000000000000000000e+00 0.000000000000000000e+00 0.000000000000000000e+00 0.000000000000000000e+00 0.000000000000000000e+00 0.000000000000000000e+00 0.000000000000000000e+00 4.984759356725143031e-01 0.000000000000000000e+00 0.000000000000000000e+00 0.000000000000000000e+00 0.000000000000000000e+00 0.000000000000000000e+00 0.000000000000000000e+00 1.469766081871344721e+00 0.000000000000000000e+00 0.000000000000000000e+00 0.000000000000000000e+00 0.000000000000000000e+00
0.000000000000000000e+00 0.000000000000000000e+00 0.000000000000000000e+00 0.000000000000000000e+00 0.000000000000000000e+00 6.887897710377637317e-01 -1.491999008821488726e+00 0.000000000000000000e+00 0.000000000000000000e+00 0.000000000000000000e+00 0.000000000000000000e+00 0.000000000000000000e+00 0.000000000000000000e+00 6.623108267454139719e-01 0.000000000000000000e+00 0.000000000000000000e+00 0.000000000000000000e+00 0.000000000000000000e+00 0.000000000000000000e+00 0.000000000000000000e+00
0.000000000000000000e+00 0.000000000000000000e+00 0.000000000000000000e+00 0.000000000000000000e+00 0.000000000000000000e+00 0.000000000000000000e+00 0.000000000000000000e+00 0.000000000000000000e+00 0.000000000000000000e+00 0.000000000000000000e+00 0.000000000000000000e+00 0.000000000000000000e+00 0.000000000000000000e+00 0.000000000000000000e+00 0.000000000000000000e+00 0.000000000000000000e+00 0.000000000000000000e+00 0.000000000000000000e+00 0.000000000000000000e+00 0.000000000000000000e+00
0.000000000000000000e+00 0.000000000000000000e+00 0.000000000000000000e+00 0.000000000000000000e+00 0.000000000000000000e+00 0.000000000000000000e+00 0.000000000000000000e+00 0.000000000000000000e+00 0.000000000000000000e+00 0.000000000000000000e+00 0.000000000000000000e+00 0.000000000000000000e+00 0.000000000000000000e+00 0.000000000000000000e+00 0.000000000000000000e+00 0.000000000000000000e+00 0.000000000000000000e+00 0.000000000000000000e+00 0.000000000000000000e+00 0.000000000000000000e+00
0.000000000000000000e+00 0.000000000000000000e+00 0.000000000000000000e+00 0.000000000000000000e+00 -2.494736842105262919e+00 0.000000000000000000e+00 0.000000000000000000e+00 0.000000000000000000e+00 0.000000000000000000e+00 0.000000000000000000e+00 0.000000000000000000e+00 0.000000000000000000e+00 0.000000000000000000e+00 0.000000000000000000e+00 0.000000000000000000e+00 0.000000000000000000e+00 0.000000000000000000e+00 0.000000000000000000e+00 0.000000000000000000e+00 0.000000000000000000e+00
5.812865497076021848e-01 0.000000000000000000e+00 0.000000000000000000e+00 0.000000000000000000e+00 0.000000000000000000e+00 0.000000000000000000e+00 0.000000000000000000e+00 0.000000000000000000e+00 -5.904970760233919647e-01 0.000000000000000000e+00 0.000000000000000000e+00 0.000000000000000000e+00 0.000000000000000000e+00 0.000000000000000000e+00 0.000000000000000000e+00 0.000000000000000000e+00 0.000000000000000000e+00 0.000000000000000000e+00 0.000000000000000000e+00 0.000000000000000000e+00
0.000000000000000000e+00 0.000000000000000000e+00 0.000000000000000000e+00 0.000000000000000000e+00 0.000000000000000000e+00 0.000000000000000000e+00 0.000000000000000000e+00 0.000000000000000000e+00 0.000000000000000000e+00 0.000000000000000000e+00 0.000000000000000000e+00 0.000000000000000000e+00 0.000000000000000000e+00 0.000000000000000000e+00 0.000000000000000000e+00 0.000000000000000000e+00 0.000000000000000000e+00 0.000000000000000000e+00 0.000000000000000000e+00 0.000000000000000000e+00
0.000000000000000000e+00 0.000000000000000000e+00 0.000000000000000000e+00 -1.592970551378446009e+00 0.000000000000000000e+00 0.000000000000000000e+00 0.000000000000000000e+00 1.170008354218878693e-01 0.000000000000000000e+00 0.000000000000000000e+00 0.000000000000000000e+00 0.000000000000000000e+00 0.000000000000000000e+00 0.000000000000000000e+00 0.000000000000000000e+00 0.000000000000000000e+00 0.000000000000000000e+00 0.000000000000000000e+00 0.000000000000000000e+00 0.000000000000000000e+00
0.000000000000000000e+00 0.000000000000000000e+00 0.000000000000000000e+00 0.000000000000000000e+00 0.000000000000000000e+00 0.000000000000000000e+00 0.000000000000000000e+00 0.000000000000000000e+00 0.000000000000000000e+00 0.000000000000000000e+00 0.000000000000000000e+00 0.000000000000000000e+00 0.000000000000000000e+00 0.000000000000000000e+00 0.000000000000000000e+00 0.000000000000000000e+00 0.000000000000000000e+00 0.000000000000000000e+00 0.000000000000000000e+00 0.000000000000000000e+00
0.000000000000000000e+00 0.000000000000000000e+00 0.000000000000000000e+00 0.000000000000000000e+00 0.000000000000000000e+00 0.000000000000000000e+00 0.000000000000000000e+00 0.000000000000000000e+00 0.000000000000000000e+00 0.000000000000000000e+00 0.000000000000000000e+00 0.000000000000000000e+00 0.000000000000000000e+00 0.000000000000000000e+00 0.000000000000000000e+00 -3.000000000000000000e+00 0.000000000000000000e+00 0.000000000000000000e+00 0.000000000000000000e+00 0.000000000000000000e+00
0.000000000000000000e+00 0.000000000000000000e+00 0.000000000000000000e+00 0.000000000000000000e+00 0.000000000000000000e+00 0.000000000000000000e+00 0.000000000000000000e+00 0.000000000000000000e+00 0.000000000000000000e+00 0.000000000000000000e+00 0.000000000000000000e+00 0.000000000000000000e+00 0.000000000000000000e+00 0.000000000000000000e+00 0.000000000000000000e+00 0.000000000000000000e+00 0.000000000000000000e+00 0.000000000000000000e+00 0.000000000000000000e+00 0.000000000000000000e+00
0.000000000000000000e+00 0.000000000000000000e+00 0.000000000000000000e+00 0.000000000000000000e+00 0.000000000000000000e+00 0.000000000000000000e+00 0.000000000000000000e+00 0.000000000000000000e+00 0.000000000000000000e+00 0.000000000000000000e+00 0.000000000000000000e+00 0.000000000000000000e+00 0.000000000000000000e+00 0.000000000000000000e+00 0.000000000000000000e+00 0.000000000000000000e+00 0.000000000000000000e+00 0.000000000000000000e+00 0.000000000000000000e+00 0.000000000000000000e+00
0.000000000000000000e+00 0.000000000000000000e+00 0.000000000000000000e+00 0.000000000000000000e+00 0.000000000000000000e+00 0.000000000000000000e+00 0.000000000000000000e+00 0.000000000000000000e+00 0.000000000000000000e+00 0.000000000000000000e+00 0.000000000000000000e+00 0.000000000000000000e+00 0.000000000000000000e+00 0.000000000000000000e+00 0.000000000000000000e+00 0.000000000000000000e+00 0.000000000000000000e+00 0.000000000000000000e+00 0.000000000000000000e+00 0.000000000000000000e+00
0.000000000000000000e+00 0.000000000000000000e+00 0.000000000000000000e+00 0.000000000000000000e+00 0.000000000000000000e+00 0.000000000000000000e+00 0.000000000000000000e+00 0.000000000000000000e+00 0.000000000000000000e+00 0.000000000000000000e+00 0.000000000000000000e+00 0.000000000000000000e+00 0.000000000000000000e+00 0.000000000000000000e+00 0.000000000000000000e+00 0.000000000000000000e+00 0.000000000000000000e+00 0.000000000000000000e+00 0.000000000000000000e+00 0.000000000000000000e+00
0.000000000000000000e+00 0.000000000000000000e+00 -2.052631578947368141e+00 0.000000000000000000e+00 0.000000000000000000e+00 0.000000000000000000e+00 0.000000000000000000e+00 0.000000000000000000e+00 0.000000000000000000e+00 0.000000000000000000e+00 0.000000000000000000e+00 0.000000000000000000e+00 0.000000000000000000e+00 0.000000000000000000e+00 -1.812917826748668304e+00 0.000000000000000000e+00 0.000000000000000000e+00 0.000000000000000000e+00 0.000000000000000000e+00 -2.005263157894736636e+00
0.000000000000000000e+00 0.000000000000000000e+00 0.000000000000000000e+00 -3.000000000000000000e+00 0.000000000000000000e+00 0.000000000000000000e+00 0.000000000000000000e+00 0.000000000000000000e+00 0.000000000000000000e+00 -1.942105263157894779e+00 -2.763157894736841591e+00 0.000000000000000000e+00 0.000000000000000000e+00 -2.321052631578947256e+00 0.000000000000000000e+00 0.000000000000000000e+00 0.000000000000000000e+00 -3.509397814559242157e+00 0.000000000000000000e+00 0.000000000000000000e+00
0.000000000000000000e+00 0.000000000000000000e+00 -1.626315789473683937e+00 0.000000000000000000e+00 0.000000000000000000e+00 0.000000000000000000e+00 -5.050186301257459931e-01 0.000000000000000000e+00 0.000000000000000000e+00 0.000000000000000000e+00 0.000000000000000000e+00 0.000000000000000000e+00 0.000000000000000000e+00 -2.706271941405205439e+00 0.000000000000000000e+00 0.000000000000000000e+00 0.000000000000000000e+00 -2.321052631578947256e+00 0.000000000000000000e+00 0.000000000000000000e+00
5.155305467449165846e+00 7.218003693854704750e+00 6.312920358035314372e+00 9.554248056302355963e+00 6.254246122415060505e+00 5.296993461822429694e+00 7.617313172718786163e+00 7.273543316878685161e+00 7.694410509524037600e+00 6.853404853431390720e+00 7.829850147935880855e+00 3.860015982811648705e+00 7.211454546436013580e+00 7.178123043690894711e+00 8.244723549616722380e+00 7.766143894790113578e+00 6.893286679538492834e+00 4.253524336081535573e+00 8.013032660139627339e+00 7.007589212246110755e+00
3.108189096657477890e+00 3.190945722751775016e+00 7.333395049124451504e+00 4.134925203562030305e+00 1.843861241290031705e+00 5.636284708869274240e+00 5.551646950983949225e+00 1.841224250598879397e+00 1.884965528660062839e+00 3.714443387378957517e+00 3.068836900254356070e+00 5.152942175411528325e+00 4.341439472801725152e+00 3.488707634504051747e+00 3.204507508184869735e+00 3.326609619704154142e+00 4.634250474592917612e+00 5.504753418262124498e+00 1.379717723431426180e+00 7.139065197746470304e-01
2.254994473946242195e+00 3.891158355860941942e+00 4.307283768746271946e+00 4.462335998093168499e+00 3.131714546357576623e+00 3.172004166220625532e+00 6.021605845807164847e+00 1.243691225643030807e+00 2.995739242124328072e+00 3.856259831283340933e+00 5.386074358948277130e+00 2.567069961114655463e+00 5.241545888188289481e+00 4.299081326257418567e+00 5.912084540290674539e+00 1.345045985726854632e+00 3.332545764012765588e+00 4.749874089141728817e+00 4.697427483556839256e+00 3.601101170616470171e+00
4.883121910449433223e+00 2.229438980471663889e+00 4.924618914850617202e+00 2.841531966594231795e-01 3.170342531833767907e+00 3.527519816085432858e+00 5.029349254830840721e+00 3.821415639294114985e+00 5.959134441005762284e+00 3.170324634736297220e+00 3.360030525345861108e+00 2.985957639507645922e+00 1.157525001370608875e+00 2.021430786560220128e+00 3.072397619846401806e+00 4.038653632344908928e+00 2.381768283422794674e+00 2.564136498927787500e+00 5.005581802738909403e+00 4.401117353282053557e+00
5.084007567268384875e+00 1.273242552085426471e+00 2.545963811315845593e+00 2.446215712174978130e+00 1.712560645173604179e+00 3.821413542731435520e+00 3.187311358703929010e+00 5.622453364436119649e+00 2.513697915832373564e+00 1.742919457267592565e+00 5.956743066684558663e+00 1.038313158233836742e+00 2.115591619841715731e-01 1.002939945197988347e+00 3.595770463923600779e+00 5.299093423242096534e+00 3.388669614120626061e+00 2.811662924258221175e+00 5.185605443010525839e+00 3.378062183226657744e+00
-5.162659779000910998e-02 5.387992205738791007e+00 1.834986840496545701e+00 2.647170366014512055e+00 3.673993695929185677e+00 4.645919331206247449e+00 4.009162265063647368e+00 4.129845790943876160e+00 6.444633883821574427e-01 1.340706979046607739e+00 3.818698757339760608e+00 5.135091329850904884e+00 6.065052391370062690e-01 2.728700525347870443e+00 4.023111663706355756e+00 2.214860383558791224e+00 5.303336239216260850e+00 3.796108028929773504e+00 4.174675666156042908e+00 3.256948614291551358e+00
1.936168101927835616e+00 3.527422550216036345e+00 3.229006970402886534e+00 2.632952720103583832e+00 -5.704990019832126280e-02 3.438120101065595513e+00 3.487740613170453141e+00 3.496000834633633314e+00 2.023721743856597755e+00 3.235062305912898672e+00 2.589930736904434649e+00 1.657819916379056124e+00 1.470798977074122327e+00 -7.512771187272979656e-01 9.938990139453550698e-01 2.690640331123619333e+00 -3.732670855777593943e-01 6.793056748461051564e-01 4.041440417111955563e-01 3.019380239963154633e+00
2.967025579918058931e-01 2.905554971620330384e+00 -3.820050064961580394e-02 4.976762221597803570e-01 2.696578615492535302e+00 1.976202908497254329e-02 1.785426239313882668e+00 1.877385132109336663e+00 -8.446739695570332218e-01 3.288798838779080080e-01 1.463755703495024596e+00 -1.134119166412915103e+00 1.715551523094597242e-01 7.944891589143865396e-01 9.898137891173452996e-01 -5.405432864183101760e-01 2.754711120282072212e+00 1.942181560312980781e-01 2.143155859786446626e+00 7.283174143229536046e-01
2.629426165647209768e+00 2.855418925902546867e+00 6.783899836726318133e-01 1.830089498956356087e+00 1.487231030305650847e+00 -4.987827437294195532e-01 1.103777760333362057e+00 -8.809169909611596072e-01 7.644122807017540433e-01 3.506855322377425921e+00 1.163231082779845771e+00 1.599124290661026571e+00 1.157211412833665243e+00 6.256875581458424262e-01 1.505760560024455685e+00 4.338816645629654190e+00 3.335198931329768968e+00 -2.730476477344254693e-01 2.856352581248976730e+00 -5.325639719501404912e-01
-1.197260450325228209e-01 3.049997524653880632e+00 2.073333544543176643e+00 1.461823788110249600e+00 4.076159284473607869e+00 -1.832563756714729042e-01 1.139037277705927220e+00 4.165079662327871857e-01 3.868836865723417784e+00 -3.685648250688891014e-01 1.393620709073879471e-01 -2.184941019967739262e+00 4.848716564517046024e-01 8.068196635182751653e-01 1.047130054816598266e+00 1.174882083593640436e+00 -3.419693527857759485e-01 1.074484651423197601e+00 5.436315598559519069e-01 -3.036096133224859273e-01
-2.851881847205673282e+00 -3.664515317124289462e-02 -2.602745656451927569e+00 -1.834927107408828695e+00 7.699261098828542593e-01 -2.663330095096805294e-02 1.615510218053387348e+00 1.622716398404669302e+00 -1.953467253496706579e+00 -2.768460229084157564e-01 7.798208617288899802e-01 -2.158252796841990673e+00 -5.719094756175537864e-01 -7.423003273181019157e-01 -1.579362805831225458e+00 -2.976018561556571740e+00 6.749802548020866766e-02 -1.008486327746810352e+00 -6.133030387491105184e-01 -8.980931106337645131e-01
2.606949548022302388e+00 4.691797434417976365e-01 -3.319995810195038199e+00 1.587272570305135799e+00 -2.772674306127807409e+00 -1.871537163592257969e+00 -6.449066004471964986e-01 1.140338902614987937e-01 -2.089828458674233280e-01 -2.208764859878420417e+00 -4.969523835706499693e-01 -1.717688473158377249e+00 7.148742271863046671e-01 -1.498637947306476370e+00 -1.137752028836748197e+00 8.907580905333336574e-01 -2.418740220267663332e+00 4.935745686467275517e-01 -6.371682849738886656e-01 -2.365955201061909818e+00
3.523196241334072276e-01 -5.728195182841080424e-01 1.662445577873618241e+00 -8.368367187399528007e-01 2.512792631522414721e-01 -2.603430569948152584e+00 4.610661632925612263e-01 -1.619383639943077657e+00 6.875824237732055533e-01 1.006681609344252326e+00 1.461027578402554816e+00 3.343002685186936551e-01 1.298691723246309992e+00 -1.739078307683582070e+00 -2.115992926652814354e+00 0.000000000000000000e+00 0.000000000000000000e+00 -2.799102973432102903e+00 -1.927358328145762467e+00 7.985666072422482609e-01
-9.078940189121581517e-02 0.000000000000000000e+00 -1.782247495389866820e+00 -2.031933247753530569e+00 -9.537639154016750442e-01 -3.111347606346040795e+00 -9.559141282677232621e-01 2.567424479644425661e-01 -1.585863354008118176e+00 -2.636231369866618657e+00 -1.570967051113055790e+00 -4.873032611307007711e-01 -1.483941044998399850e+00 0.000000000000000000e+00 -2.452818112987311672e-01 -3.857350292466292796e-01 1.319529788851286689e+00 -2.902360909495364627e+00 -7.402641875094779778e-01 -2.603800725064297161e+00
-5.918540673744547842e-01 1.633225811609113898e-01 -8.354753689092269120e-01 -2.177169050575752163e+00 -1.634902126961475410e+00 -1.277011697448046323e+00 1.017940463874835721e+00 -1.165245390167715778e+00 -8.220339193641106323e-01 1.715269948662325739e-01 -1.094511017037451683e-01 -8.304658156591722129e-01 -9.727155123337759557e-01 -5.849237913415958889e-01 -3.919093194130565116e-01 5.027379309389501394e-01 -2.293486466397069101e+00 -5.970763577381106302e-01 -2.644645773430732039e+00 8.095085719790369450e-02
7.587586025216130903e-01 1.856922194214380151e-01 4.618145359905811431e-01 3.337278569931260153e-01 1.840691390988136167e-01 2.532682582423092299e+00 1.881600419461722407e+00 -2.359989908577245998e+00 1.077287881151566928e+00 -2.313279915215971982e+00 -1.326736515515477999e+00 -1.856703610925133585e+00 1.932503355186044214e+00 -8.450125479537584638e-02 -1.949543240998217852e+00 0.000000000000000000e+00 5.312840608748583549e-01 -2.125372706797400646e+00 -1.584479738225812007e+00 -2.172073841989359266e+00
4.737084230684857067e-01 -1.708295401751910525e+00 8.304233463614985045e-02 -5.832169440953708373e-01 -2.088456860665311332e+00 1.661291930625807822e-02 -1.071553643799095124e+00 -2.131304165389877436e+00 -6.849396123842027562e-01 -3.840918320041986966e+00 -2.835295906560638901e+00 6.123378446705147748e-01 1.013848429788335004e+00 -2.434330677757460037e+00 5.124939705517672639e-02 -5.696693557488490267e-01 1.030978125591132111e-01 -1.152832965923099584e+00 -8.536949726687821371e-01 -1.655563662260804092e+00
1.170306638624811990e+00 8.844613184621046287e-01 -2.125772212919144533e+00 1.604585067694462186e+00 -7.231968067995786509e-01 -1.982945962627151726e+00 -2.540144288153689978e+00 -1.351985333515018928e+00 -8.631608519971308846e-01 -2.480324482124447449e+00 -2.612970904618681978e+00 -2.301121134067831253e+00 -1.888567489471200789e+00 -3.711316111772952286e+00 -2.527232452812777197e+00 -3.425480060158606843e+00 -4.012073879640132290e-01 -2.057910157260164130e+00 -1.974272203075498888e+00 -2.417689984379843615e+00
-1.973372697005350895e+00 3.335030021972915648e-01 -2.071008189827320933e+00 -8.841826690355623075e-01 -2.664156421382746665e+00 -1.037758190037265216e+00 -3.596446282940421568e+00 -3.524240630119487960e+00 -6.460439539463272429e-02 -1.115111824770627647e-01 -2.834776430140008685e+00 -2.680047552854679660e-01 -1.853476332525001213e+00 -2.034962815271078806e+00 -5.262245325370218385e-02 -2.216230326104302151e+00 -3.980273976156066595e+00 1.848413968236389815e-02 -3.330776790312836244e+00 -3.761041842999375273e-01
4.616465340517741378e-01 -2.232764442816966177e+00 -3.720585110690483255e+00 -2.340088308649773685e-01 -2.477574868253852536e+00 -4.496809969691014430e+00 -1.048531047749558631e+00 -2.298591723424657562e+00 -2.679334805877270576e+00 -5.420967603980316740e-01 -6.449146464384361011e+00 -3.878349661669693305e+00 -1.955203306935273000e+00 -1.834487034000362504e+00 6.282941036213440800e-01 -1.716745993837361040e+00 1.326059523552647335e-01 -2.615116677841466952e+00 -2.340770174915860480e+00 -2.448675962035435472e+00
5.012647319354439190e+00 1.687349184134083968e+00 2.008562074739951520e+00 6.457232216473749453e-01 2.189830792221638678e+00 1.365547683867508466e+00 2.717003087284070695e+00 3.964900406322443338e+00 4.109073577462739379e+00 2.246380623646166086e+00 1.653987334579777979e+00 4.738164596374633497e+00 4.113963042626124889e+00 1.592168041741275797e+00 3.188353231653944242e+00 2.855158201170114651e+00 1.563127175664305479e+00 3.881157392730537392e+00 1.291927415869156492e+00 2.520981897722573528e+00
4.864186627596509993e+00 3.011407006618312288e+00 5.150878096348110446e+00 3.830903005024032915e+00 7.614566302486962535e+00 7.380909934137453554e+00 8.085973646346028332e+00 5.793851486239200099e+00 0.000000000000000000e+00 2.887287105667899034e+00 4.496512953621115471e+00 8.292948706216806798e+00 7.743515958391110843e+00 8.320491109727537804e+00 7.878780594680010907e+00 1.029182815302863219e+01 5.961043395755501351e+00 1.857082358103870900e+00 5.895194053876779527e+00 6.547503252617889125e+00
2.645670979015664503e+00 3.575213016327396964e+00 6.653791185964016641e+00 3.392140174745148506e+00 5.208510529001960876e+00 6.695317921389663418e+00 3.699399104988915887e+00 8.565446968069231559e+00 3.870949647466391141e+00 5.588351560841601007e+00 7.438836843815815669e+00 4.953303805954323735e+00 5.415978071705200847e+00 7.456102376825885614e+00 3.085423454514246266e+00 3.042596848931474973e+00 3.607007256619702229e+00 5.392712085849368009e+00 6.095984691115915233e+00 7.768729444114826244e+00
7.703038892305902330e+00 5.941232239571512252e+00 7.787337503025931085e+00 5.828262269347503022e+00 5.303002262898571573e+00 3.983302877612940662e+00 5.081283523978710193e+00 5.145011876823004648e+00 7.496184124805523652e+00 5.757711606191514342e+00 4.900545966644184404e+00 6.739079228318085590e+00 6.777420639354734710e+00 4.065151463057574688e+00 4.332930526445832875e+00 4.769619927012454852e+00 6.068295563787808433e+00 7.301623759945219838e+00 4.852203957069922247e+00 6.733119191278875704e+00
8.410246336842611470e+00 7.797757656796588499e+00 8.160460081152798750e+00 8.947343352169895070e+00 8.348510098563467707e+00 7.098378403971139505e+00 1.103875808314722384e+01 9.681504853503065888e+00 1.010618888759056766e+01 3.763804413418836869e+00 1.038608288423449011e+01 7.892298566547223615e+00 7.741938634950203735e+00 1.002177334425210375e+01 1.065463927871964778e+01 9.956875464532201292e+00 5.599819714507938251e+00 6.410651837523928975e+00 4.760387565352999673e+00 9.605898106738850473e+00
7.564195854473295455e+00 8.277755544824131562e+00 5.909178228810775479e+00 7.772312163176085420e+00 7.947666423011076731e+00 5.591789411505500240e+00 5.446005311539462213e+00 7.306707812292795090e+00 5.133948504847806404e+00 2.570163601450341506e+00 4.801959692466774676e+00 7.469373825951286960e+00 5.471706348201287540e+00 8.218773837807061611e+00 7.857804429054144002e+00 5.327879305361229001e+00 7.018459416664440731e+00 7.781105626780993489e+00 6.817091666488535040e+00 5.310075427712876106e+00
7.964885999456323695e+00 7.548541493959319837e+00 6.165762421831514573e+00 7.145655258815793331e+00 9.771454656191119525e+00 5.179147663862687878e+00 9.663554170629581108e+00 4.416895387973060139e+00 1.001633891790782727e+01 6.163412164791775893e+00 7.013001140803228672e+00 6.513663418617325007e+00 8.673482738601901332e+00 5.874798345231055485e+00 4.342472463557479401e+00 7.212489381791539422e+00 9.671305677778251564e+00 1.042563526615886893e+01 8.638219962939553298e+00 8.847065767838060424e+00
1.072474680957574300e+01 6.587840581643007454e+00 5.281369895118323221e+00 6.064956530811033808e+00 9.102364005154779392e+00 7.530897639425398360e+00 5.728250062275834331e+00 2.736140332287184673e+00 5.701461479698278545e+00 7.548543537541995363e+00 5.633472105794091078e+00 6.410379803835724033e+00 6.913069660526764082e+00 3.203688248182082532e+00 1.037507464512075472e+01 3.529765707474946446e+00 3.929394733601737855e+00 1.083584344716620507e+01 8.948841058835494522e+00 5.189242820069393858e+00
1.236609764911405485e+01 1.013035674513782958e+01 1.195281834562291401e+01 9.450829665373365884e+00 9.577992213057411774e+00 9.002876881486027827e+00 9.845529517094728789e+00 9.116979417966584620e+00 1.085682087513859173e+01 6.730633078290933824e+00 7.646046539024990096e+00 1.033268186308457537e+01 9.077535543315866207e+00 7.529578217636684556e+00 7.198153836120730453e+00 7.192422052185569292e+00 6.698202822654412358e+00 1.097084189235128271e+01 6.241408530527115417e+00 1.165682893556045308e+01
5.938379748469459152e+00 5.728948581037466958e+00 6.935245088589196527e+00 3.712654284035981078e+00 7.912731894645513187e+00 4.149672483791643884e+00 4.174335317857662986e+00 5.244460329387095499e+00 4.036749529564847450e+00 5.672671862254972552e+00 6.496069580960261547e+00 6.710565738749840747e+00 4.226332987902098104e+00 5.792836423074104069e+00 6.610399390293873800e+00 3.209460782715598093e+00 3.708879664740539539e+00 6.433736241258666055e+00 5.097817079051562672e+00 3.759064497052476916e+00
9.929891101171506307e+00 2.641417206462322920e+00 6.262752624610262053e+00 4.758323538053391033e+00 8.225808592669009656e+00 5.205477236269793195e+00 1.100762224854768512e+01 1.016614995260773924e+01 9.749711236053974162e+00 8.343004761189915186e+00 7.657852956612070550e+00 6.914213508381025441e+00 1.261346535324442897e+01 7.518264253134141484e+00 1.046511861191619630e+01 7.055599283380600717e+00 7.538266083802179551e+00 9.260114660744276804e+00 9.302177959579690736e+00 1.072161726218957511e+01
7.490674318641135088e+00 9.557458883000736094e+00 8.012598904707720848e+00 7.143999973403561299e+00 1.000018416298790669e+01 7.694128363730518672e+00 7.408588438780119745e+00 8.580232178341516303e+00 4.148658614723210292e+00 8.767040016089650223e+00 8.568826014997242169e+00 8.820558341951068471e+00 9.159069610072403833e+00 9.421137438426306687e+00 7.690514914139456870e+00 9.141756221359122137e+00 6.134899409683084670e+00 8.519433865722247035e+00 1.004108105847620713e+01 6.793438021299761154e+00
1.038418298112091342e+01 1.099108265475936541e+01 1.168495275206346840e+01 6.412555869688397969e+00 8.777972476900105292e+00 1.041887093815624254e+01 1.071596243752686917e+01 1.210366803539265845e+01 1.073965437759609642e+01 1.143438542225921140e+01 1.075594740354686962e+01 7.981748205909264371e+00 8.720702993847993412e+00 9.340595929721212443e+00 9.273264537812416108e+00 1.125816569683796153e+01 6.436508859765012858e+00 1.018638316248290465e+01 8.909107399741127864e+00 7.252966189928082841e+00
8.924494977806958218e+00 1.285771254563062982e+01 1.123060651828174805e+01 1.009373497311095846e+01 8.330253894665572645e+00 1.205868603458643662e+01 9.770328115693514448e+00 6.413653049095525915e+00 1.026133481589975993e+01 7.579943927854470687e+00 1.147104470932480069e+01 6.931561016302786982e+00 1.093550883942936203e+01 1.186333666014195209e+01 9.204178688026450672e+00 1.044616256851109348e+01 9.207546519954851405e+00 1.044588918794826427e+01 1.273861901259718721e+01 1.013650345004072584e+01
7.897425580573899317e+00 7.350712444102939003e+00 7.105685612119869710e+00 7.548441639932633507e+00 7.940439733387937515e+00 6.061346937630164966e+00 7.847228875005646032e+00 7.699839289584032187e+00 1.122762136462737814e+01 6.097983451564655155e+00 9.077229424257053481e+00 6.249900058926419533e+00 7.067396519301286872e+00 8.566523348079860156e+00 7.709072322878165906e+00 6.722026076360869240e+00 7.043458644502774035e+00 4.416020912150441902e+00 8.779071251145076360e+00 8.656703521173037430e+00
5.035327684374125035e+00 7.044807013417177188e+00 3.767828768676402262e+00 6.136934426274194720e+00 7.018202762808567918e+00 7.762702886359221566e+00 7.319562494871327374e+00 6.815651677055708291e+00 7.016263774053642877e+00 5.305539304863668981e+00 6.408179500317601196e+00 6.267805461076756401e+00 7.596312758509483842e+00 4.039733145512134804e+00 3.685056042451674063e+00 6.316656113701959896e+00 7.967386006794415110e+00 4.573455339492264571e+00 4.393041932938296590e+00 5.012117073527236677e+00
7.300403754020143410e+00 8.647286252227534220e+00 9.670816442519324596e+00 9.728582436673791634e+00 1.008874578327528226e+01 5.520875840230383247e+00 6.564538303389824137e+00 7.591286617823632454e+00 8.247524198178494359e+00 8.797147738509433879e+00 5.314271186739128794e+00 8.963226078026035992e+00 7.914332545850071732e+00 8.405132345419820794e+00 8.020740631861698944e+00 8.219236025042777172e+00 6.979933698498571815e+00 8.888903534927072414e+00 8.941829764349332521e+00 1.064414315825230162e+01
5.527980003901302730e+00 5.433634062540007470e+00 8.050806139041565501e+00 8.982633723029460171e+00 5.792857586527067504e+00 6.050090190290163150e+00 6.025452162001733392e+00 7.698906943099779632e+00 6.520714148529254572e+00 5.385907964030302253e+00 7.248396823196619820e+00 5.539087095340585520e+00 5.545322272845677247e+00 8.650499671366304710e+00 6.887957592841768673e+00 4.451522984124363091e+00 5.260716826114890665e+00 3.322996076360233531e+00 8.313579185591111198e+00 9.310152784326195530e+00
9.337704004778613509e+00 1.004229772782333185e+01 7.468152428781448471e+00 7.782287853694147550e+00 9.693492978316294639e+00 9.678603833005217538e+00 4.852293313887788173e+00 3.214931704518626976e+00 9.198185050008724772e+00 7.910742632275180597e+00 8.763872779154352699e+00 7.640825411190184546e+00 7.896224606484009811e+00 6.993281165068719218e+00 7.244692949407116167e+00 5.495231147864169330e+00 5.818098202141637643e+00 5.757263101004292949e+00 9.643442664594079616e+00 2.915184537545484567e+00
8.287565283584584108e+00 6.971928481985203874e+00 8.756912215682065792e+00 3.959153470852046386e+00 8.605258025744946693e+00 8.369481605287553805e+00 7.508992893690509263e+00 7.400446819322485048e+00 8.673329583875069915e+00 8.133827548863989065e+00 1.048368502292410298e+01 8.011940218978022443e+00 9.172095243287001765e+00 5.427507546117276149e+00 7.046149799910070399e+00 7.761662766130714708e+00 1.077651088383147737e+01 7.259080304636369441e+00 8.142435603265873567e+00 1.039528542984254855e+01
0.000000000000000000e+00 0.000000000000000000e+00 0.000000000000000000e+00 0.000000000000000000e+00 0.000000000000000000e+00 0.000000000000000000e+00 0.000000000000000000e+00 0.000000000000000000e+00 0.000000000000000000e+00 0.000000000000000000e+00 0.000000000000000000e+00 0.000000000000000000e+00 0.000000000000000000e+00 0.000000000000000000e+00 0.000000000000000000e+00 0.000000000000000000e+00 0.000000000000000000e+00 0.000000000000000000e+00 0.000000000000000000e+00 0.000000000000000000e+00
0.000000000000000000e+00 0.000000000000000000e+00 0.000000000000000000e+00 0.000000000000000000e+00 0.000000000000000000e+00 0.000000000000000000e+00 0.000000000000000000e+00 0.000000000000000000e+00 0.000000000000000000e+00 0.000000000000000000e+00 0.000000000000000000e+00 0.000000000000000000e+00 0.000000000000000000e+00 0.000000000000000000e+00 0.000000000000000000e+00 0.000000000000000000e+00 0.000000000000000000e+00 0.000000000000000000e+00 0.000000000000000000e+00 0.000000000000000000e+00
0.000000000000000000e+00 0.000000000000000000e+00 0.000000000000000000e+00 0.000000000000000000e+00 0.000000000000000000e+00 0.000000000000000000e+00 0.000000000000000000e+00 0.000000000000000000e+00 0.000000000000000000e+00 0.000000000000000000e+00 0.000000000000000000e+00 0.000000000000000000e+00 0.000000000000000000e+00 0.000000000000000000e+00 0.000000000000000000e+00 0.000000000000000000e+00 0.000000000000000000e+00 0.000000000000000000e+00 0.000000000000000000e+00 0.000000000000000000e+00
0.000000000000000000e+00 0.000000000000000000e+00 0.000000000000000000e+00 0.000000000000000000e+00 0.000000000000000000e+00 0.000000000000000000e+00 0.000000000000000000e+00 0.000000000000000000e+00 0.000000000000000000e+00 0.000000000000000000e+00 0.000000000000000000e+00 0.000000000000000000e+00 0.000000000000000000e+00 0.000000000000000000e+00 0.000000000000000000e+00 0.000000000000000000e+00 0.000000000000000000e+00 0.000000000000000000e+00 0.000000000000000000e+00 0.000000000000000000e+00
0.000000000000000000e+00 0.000000000000000000e+00 0.000000000000000000e+00 0.000000000000000000e+00 0.000000000000000000e+00 0.000000000000000000e+00 0.000000000000000000e+00 0.000000000000000000e+00 0.000000000000000000e+00 0.000000000000000000e+00 0.000000000000000000e+00 0.000000000000000000e+00 0.000000000000000000e+00 0.000000000000000000e+00 0.000000000000000000e+00 0.000000000000000000e+00 0.000000000000000000e+00 0.000000000000000000e+00 0.000000000000000000e+00 0.000000000000000000e+00
0.000000000000000000e+00 0.000000000000000000e+00 0.000000000000000000e+00 0.000000000000000000e+00 0.000000000000000000e+00 0.000000000000000000e+00 0.000000000000000000e+00 0.000000000000000000e+00 0.000000000000000000e+00 0.000000000000000000e+00 0.000000000000000000e+00 0.000000000000000000e+00 0.000000000000000000e+00 0.000000000000000000e+00 0.000000000000000000e+00 0.000000000000000000e+00 0.000000000000000000e+00 0.000000000000000000e+00 0.000000000000000000e+00 0.000000000000000000e+00
0.000000000000000000e+00 0.000000000000000000e+00 0.000000000000000000e+00 0.000000000000000000e+00 0.000000000000000000e+00 0.000000000000000000e+00 0.000000000000000000e+00 0.000000000000000000e+00 0.000000000000000000e+00 0.000000000000000000e+00 0.000000000000000000e+00 0.000000000000000000e+00 0.000000000000000000e+00 0.000000000000000000e+00 0.000000000000000000e+00 0.000000000000000000e+00 0.000000000000000000e+00 0.000000000000000000e+00 0.000000000000000000e+00 0.000000000000000000e+00
0.000000000000000000e+00 0.000000000000000000e+00 0.000000000000000000e+00 0.000000000000000000e+00 0.000000000000000000e+00 0.000000000000000000e+00 0.000000000000000000e+00 0.000000000000000000e+00 0.000000000000000000e+00 0.000000000000000000e+00 0.000000000000000000e+00 0.000000000000000000e+00 0.000000000000000000e+00 0.000000000000000000e+00 0.000000000000000000e+00 0.000000000000000000e+00 0.000000000000000000e+00 0.000000000000000000e+00 0.000000000000000000e+00 0.000000000000000000e+00
0.000000000000000000e+00 0.000000000000000000e+00 0.000000000000000000e+00 0.000000000000000000e+00 0.000000000000000000e+00 0.000000000000000000e+00 0.000000000000000000e+00 0.000000000000000000e+00 0.000000000000000000e+00 0.000000000000000000e+00 0.000000000000000000e+00 0.000000000000000000e+00 0.000000000000000000e+00 0.000000000000000000e+00 0.000000000000000000e+00 0.000000000000000000e+00 0.000000000000000000e+00 0.000000000000000000e+00 0.000000000000000000e+00 0.000000000000000000e+00
0.000000000000000000e+00 0.000000000000000000e+00 0.000000000000000000e+00 0.000000000000000000e+00 0.000000000000000000e+00 0.000000000000000000e+00 0.000000000000000000e+00 0.000000000000000000e+00 0.000000000000000000e+00 0.000000000000000000e+00 0.000000000000000000e+00 0.000000000000000000e+00 0.000000000000000000e+00 0.000000000000000000e+00 0.000000000000000000e+00 0.000000000000000000e+00 0.000000000000000000e+00 0.000000000000000000e+00 0.000000000000000000e+00 0.000000000000000000e+00
0.000000000000000000e+00 0.000000000000000000e+00 0.000000000000000000e+00 0.000000000000000000e+00 0.000000000000000000e+00 0.000000000000000000e+00 0.000000000000000000e+00 0.000000000000000000e+00 0.000000000000000000e+00 0.000000000000000000e+00 0.000000000000000000e+00 0.000000000000000000e+00 0.000000000000000000e+00 0.000000000000000000e+00 0.000000000000000000e+00 0.000000000000000000e+00 0.000000000000000000e+00 0.000000000000000000e+00 0.000000000000000000e+00 0.000000000000000000e+00
0.000000000000000000e+00 0.000000000000000000e+00 0.000000000000000000e+00 0.000000000000000000e+00 0.000000000000000000e+00 0.000000000000000000e+00 0.000000000000000000e+00 0.000000000000000000e+00 0.000000000000000000e+00 0.000000000000000000e+00 0.000000000000000000e+00 0.000000000000000000e+00 0.000000000000000000e+00 0.000000000000000000e+00 0.000000000000000000e+00 0.000000000000000000e+00 0.000000000000000000e+00 0.000000000000000000e+00 0.000000000000000000e+00 0.000000000000000000e+00
0.000000000000000000e+00 0.000000000000000000e+00 0.000000000000000000e+00 0.000000000000000000e+00 0.000000000000000000e+00 0.000000000000000000e+00 0.000000000000000000e+00 0.000000000000000000e+00 0.000000000000000000e+00 0.000000000000000000e+00 0.000000000000000000e+00 0.000000000000000000e+00 0.000000000000000000e+00 0.000000000000000000e+00 0.000000000000000000e+00 0.000000000000000000e+00 0.000000000000000000e+00 0.000000000000000000e+00 0.000000000000000000e+00 0.000000000000000000e+00
0.000000000000000000e+00 0.000000000000000000e+00 0.000000000000000000e+00 0.000000000000000000e+00 0.000000000000000000e+00 0.000000000000000000e+00 0.000000000000000000e+00 0.000000000000000000e+00 0.000000000000000000e+00 0.000000000000000000e+00 0.000000000000000000e+00 0.000000000000000000e+00 0.000000000000000000e+00 0.000000000000000000e+00 0.000000000000000000e+00 0.000000000000000000e+00 0.000000000000000000e+00 0.000000000000000000e+00 0.000000000000000000e+00 0.000000000000000000e+00
0.000000000000000000e+00 0.000000000000000000e+00 0.000000000000000000e+00 0.000000000000000000e+00 0.000000000000000000e+00 0.000000000000000000e+00 0.000000000000000000e+00 6.771929824561401245e-01 0.000000000000000000e+00 0.000000000000000000e+00 0.000000000000000000e+00 0.000000000000000000e+00 0.000000000000000000e+00 0.000000000000000000e+00 0.000000000000000000e+00 0.000000000000000000e+00 0.000000000000000000e+00 0.000000000000000000e+00 0.000000000000000000e+00 0.000000000000000000e+00
0.000000000000000000e+00 0.000000000000000000e+00 0.000000000000000000e+00 0.000000000000000000e+00 0.000000000000000000e+00 0.000000000000000000e+00 0.000000000000000000e+00 0.000000000000000000e+00 0.000000000000000000e+00 0.000000000000000000e+00 0.000000000000000000e+00 0.000000000000000000e+00 0.000000000000000000e+00 0.000000000000000000e+00 0.000000000000000000e+00 0.000000000000000000e+00 0.000000000000000000e+00 0.000000000000000000e+00 0.000000000000000000e+00 0.000000000000000000e+00
0.000000000000000000e+00 0.000000000000000000e+00 0.000000000000000000e+00 0.000000000000000000e+00 0.000000000000000000e+00 0.000000000000000000e+00 0.000000000000000000e+00 0.000000000000000000e+00 0.000000000000000000e+00 0.000000000000000000e+00 0.000000000000000000e+00 0.000000000000000000e+00 0.000000000000000000e+00 0.000000000000000000e+00 0.000000000000000000e+00 0.000000000000000000e+00 0.000000000000000000e+00 0.000000000000000000e+00 0.000000000000000000e+00 0.000000000000000000e+00
0.000000000000000000e+00 0.000000000000000000e+00 0.000000000000000000e+00 0.000000000000000000e+00 0.000000000000000000e+00 0.000000000000000000e+00 0.000000000000000000e+00 0.000000000000000000e+00 0.000000000000000000e+00 0.000000000000000000e+00 0.000000000000000000e+00 0.000000000000000000e+00 0.000000000000000000e+00 0.000000000000000000e+00 0.000000000000000000e+00 0.000000000000000000e+00 0.000000000000000000e+00 0.000000000000000000e+00 0.000000000000000000e+00 0.000000000000000000e+00
0.000000000000000000e+00 0.000000000000000000e+00 0.000000000000000000e+00 0.000000000000000000e+00 0.000000000000000000e+00 0.000000000000000000e+00 0.000000000000000000e+00 0.000000000000000000e+00 0.000000000000000000e+00 0.000000000000000000e+00 0.000000000000000000e+00 0.000000000000000000e+00 0.000000000000000000e+00 0.000000000000000000e+00 0.000000000000000000e+00 0.000000000000000000e+00 0.000000000000000000e+00 0.000000000000000000e+00 0.000000000000000000e+00 0.000000000000000000e+00
0.000000000000000000e+00 0.000000000000000000e+00 0.000000000000000000e+00 0.000000000000000000e+00 0.000000000000000000e+00 0.000000000000000000e+00 0.000000000000000000e+00 0.000000000000000000e+00 0.000000000000000000e+00 0.000000000000000000e+00 0.000000000000000000e+00 0.000000000000000000e+00 0.000000000000000000e+00 0.000000000000000000e+00 0.000000000000000000e+00 0.000000000000000000e+00 0.000000000000000000e+00 0.000000000000000000e+00 0.000000000000000000e+00 0.000000000000000000e+00
