-5.317227934496401964e+00 -7.442617260739412544e+00 -8.839414360602678045e+00 -6.332683670904856399e+00 -7.420282018615656838e+00 -6.495947550366137691e+00 -6.755814126004588083e+00 -8.444258850939668548e+00 -2.152348599039703103e+00 -7.129168457092104561e+00 -6.180161330592773616e+00 -8.370575589905493885e+00 -7.867986511657040438e+00 -7.378280547023112312e+00 -5.896736486842105052e+00 -6.445482157971850867e+00 -7.133847257463148850e+00 -7.492099169221440036e+00 -6.769978146854567669e+00 -7.246384630151468720e+00
-6.869327605263157999e+00 -7.867902515978325795e+00 -9.089425335341132950e+00 -7.537005025739022201e+00 -1.563157894736842302e+00 -7.124765094827585798e+00 -6.942656533140145747e+00 -5.869147499999999518e+00 -7.363094772139827882e+00 -7.661858480267805582e+00 -6.395055975809349036e+00 -7.679811864787580156e+00 -7.704574207847820766e+00 -6.768121634339527404e+00 -5.633613157894736823e+00 -7.717193617105262859e+00 -3.335106390791817255e+00 -5.341746695714082449e+00 -7.164691578947368633e+00 -9.362823528947366469e+00
-1.072262538581127345e+01 -1.008279630631879620e+01 -8.586350753643742451e+00 -9.344124196888879297e+00 -1.038010288643096857e+01 -1.082725432795160891e+01 -1.212145814473577055e+01 -9.332884614734831885e+00 -1.118741096749185715e+01 -9.381773348266881030e+00 -8.605534765912802087e+00 -8.823812570417421952e+00 -9.613920884258444488e+00 -9.377711873684210886e+00 -9.506298089986874089e+00 -8.604492787123584563e+00 -1.141131501674919768e+01 -6.634670084694493930e+00 -1.035746494403730367e+01 -1.009821180686804709e+01
-3.170526315789473415e+00 -9.165879730276552451e+00 -7.708381578947368418e+00 -9.442120858532868866e+00 -6.657899361706484775e+00 -7.408610903831449157e+00 -5.719457273402845487e+00 -9.334786387250147754e+00 -8.114750952576619270e+00 -7.930692880064239780e+00 -8.163099107445093594e+00 -6.119772718614528095e+00 -7.571735042251324543e+00 -3.835041987515115380e+00 -6.384126315789473871e+00 -5.599348791039750139e+00 -8.333150958660729302e+00 -8.828793968806806447e+00 -8.529665551679213920e+00 -8.611098287183271083e+00
-7.140891196091513571e+00 -5.553137855385383403e+00 -7.227433470191470199e+00 -4.551710526315789096e+00 -1.815789473684210398e+00 -8.536689386250289502e+00 -6.268214883040934993e+00 -6.435198181950507745e+00 -7.090426382940108851e+00 -3.592776346117306119e+00 -1.815789473684210398e+00 -7.695471347763088055e+00 -5.205552631578947320e+00 -5.965308874894261315e+00 -8.161691918341743346e+00 -8.322170616069769267e+00 -1.953935874168178932e+00 -5.459445652628823531e+00 -8.186454707567470734e+00 -8.534888574839435194e+00
-1.989473684210526283e+00 0.000000000000000000e+00 0.000000000000000000e+00 0.000000000000000000e+00 0.000000000000000000e+00 -3.296842105263158018e+00 -2.698443013788892841e+00 -4.601052631578947505e+00 0.000000000000000000e+00 0.000000000000000000e+00 -3.791188716358276700e+00 0.000000000000000000e+00 0.000000000000000000e+00 0.000000000000000000e+00 0.000000000000000000e+00 -1.878947368421052699e+00 -3.281541688599593165e+00 0.000000000000000000e+00 -4.370120508166968953e+00 0.000000000000000000e+00
0.000000000000000000e+00 -2.178947368421052744e+00 0.000000000000000000e+00 0.000000000000000000e+00 -1.878947368421052699e+00 -1.863157894736842124e+00 -3.203762267127766350e+00 0.000000000000000000e+00 -4.029473684210525875e+00 0.000000000000000000e+00 0.000000000000000000e+00 0.000000000000000000e+00 0.000000000000000000e+00 0.000000000000000000e+00 0.000000000000000000e+00 0.000000000000000000e+00 0.000000000000000000e+00 0.000000000000000000e+00 -2.684210526315789380e+00 -1.923527116849014229e+00
0.000000000000000000e+00 0.000000000000000000e+00 -3.847666554157893160e+00 0.000000000000000000e+00 0.000000000000000000e+00 -2.320736062036027558e+00 0.000000000000000000e+00 0.000000000000000000e+00 0.000000000000000000e+00 0.000000000000000000e+00 0.000000000000000000e+00 -2.936842105263158142e+00 0.000000000000000000e+00 0.000000000000000000e+00 -3.063157894736841858e+00 0.000000000000000000e+00 0.000000000000000000e+00 0.000000000000000000e+00 0.000000000000000000e+00 0.000000000000000000e+00
-2.023989355936167467e+00 0.000000000000000000e+00 0.000000000000000000e+00 0.000000000000000000e+00 -2.131578947368421240e+00 0.000000000000000000e+00 0.000000000000000000e+00 0.000000000000000000e+00 0.000000000000000000e+00 0.000000000000000000e+00 -1.942105263157894779e+00 0.000000000000000000e+00 0.000000000000000000e+00 0.000000000000000000e+00 0.000000000000000000e+00 0.000000000000000000e+00 0.000000000000000000e+00 0.000000000000000000e+00 0.000000000000000000e+00 0.000000000000000000e+00
0.000000000000000000e+00 0.000000000000000000e+00 0.000000000000000000e+00 0.000000000000000000e+00 0.000000000000000000e+00 0.000000000000000000e+00 0.000000000000000000e+00 0.000000000000000000e+00 0.000000000000000000e+00 0.000000000000000000e+00 0.000000000000000000e+00 0.000000000000000000e+00 0.000000000000000000e+00 0.000000000000000000e+00 0.000000000000000000e+00 0.000000000000000000e+00 0.000000000000000000e+00 0.000000000000000000e+00 0.000000000000000000e+00 -1.721052631578947167e+00
0.000000000000000000e+00 0.000000000000000000e+00 0.000000000000000000e+00 0.000000000000000000e+00 0.000000000000000000e+00 0.000000000000000000e+00 0.000000000000000000e+00 0.000000000000000000e+00 -2.178947368421052744e+00 0.000000000000000000e+00 0.000000000000000000e+00 0.000000000000000000e+00 0.000000000000000000e+00 0.000000000000000000e+00 0.000000000000000000e+00 0.000000000000000000e+00 0.000000000000000000e+00 0.000000000000000000e+00 0.000000000000000000e+00 0.000000000000000000e+00
0.000000000000000000e+00 0.000000000000000000e+00 0.000000000000000000e+00 0.000000000000000000e+00 0.000000000000000000e+00 0.000000000000000000e+00 0.000000000000000000e+00 0.000000000000000000e+00 0.000000000000000000e+00 0.000000000000000000e+00 0.000000000000000000e+00 0.000000000000000000e+00 0.000000000000000000e+00 0.000000000000000000e+00 0.000000000000000000e+00 0.000000000000000000e+00 0.000000000000000000e+00 0.000000000000000000e+00 0.000000000000000000e+00 0.000000000000000000e+00
0.000000000000000000e+00 0.000000000000000000e+00 0.000000000000000000e+00 0.000000000000000000e+00 0.000000000000000000e+00 0.000000000000000000e+00 0.000000000000000000e+00 0.000000000000000000e+00 0.000000000000000000e+00 0.000000000000000000e+00 0.000000000000000000e+00 0.000000000000000000e+00 0.000000000000000000e+00 0.000000000000000000e+00 0.000000000000000000e+00 0.000000000000000000e+00 0.000000000000000000e+00 0.000000000000000000e+00 0.000000000000000000e+00 0.000000000000000000e+00
0.000000000000000000e+00 0.000000000000000000e+00 0.000000000000000000e+00 0.000000000000000000e+00 0.000000000000000000e+00 0.000000000000000000e+00 0.000000000000000000e+00 0.000000000000000000e+00 0.000000000000000000e+00 0.000000000000000000e+00 0.000000000000000000e+00 0.000000000000000000e+00 0.000000000000000000e+00 0.000000000000000000e+00 0.000000000000000000e+00 0.000000000000000000e+00 0.000000000000000000e+00 0.000000000000000000e+00 0.000000000000000000e+00 0.000000000000000000e+00
0.000000000000000000e+00 0.000000000000000000e+00 0.000000000000000000e+00 0.000000000000000000e+00 0.000000000000000000e+00 0.000000000000000000e+00 0.000000000000000000e+00 0.000000000000000000e+00 0.000000000000000000e+00 0.000000000000000000e+00 0.000000000000000000e+00 0.000000000000000000e+00 0.000000000000000000e+00 0.000000000000000000e+00 0.000000000000000000e+00 0.000000000000000000e+00 0.000000000000000000e+00 0.000000000000000000e+00 0.000000000000000000e+00 0.000000000000000000e+00
0.000000000000000000e+00 0.000000000000000000e+00 0.000000000000000000e+00 0.000000000000000000e+00 0.000000000000000000e+00 0.000000000000000000e+00 0.000000000000000000e+00 0.000000000000000000e+00 0.000000000000000000e+00 0.000000000000000000e+00 0.000000000000000000e+00 0.000000000000000000e+00 0.000000000000000000e+00 0.000000000000000000e+00 0.000000000000000000e+00 0.000000000000000000e+00 0.000000000000000000e+00 0.000000000000000000e+00 0.000000000000000000e+00 0.000000000000000000e+00
0.000000000000000000e+00 0.000000000000000000e+00 0.000000000000000000e+00 0.000000000000000000e+00 0.000000000000000000e+00 0.000000000000000000e+00 0.000000000000000000e+00 0.000000000000000000e+00 0.000000000000000000e+00 0.000000000000000000e+00 0.000000000000000000e+00 0.000000000000000000e+00 0.000000000000000000e+00 0.000000000000000000e+00 0.000000000000000000e+00 0.000000000000000000e+00 0.000000000000000000e+00 0.000000000000000000e+00 0.000000000000000000e+00 0.000000000000000000e+00
0.000000000000000000e+00 0.000000000000000000e+00 0.000000000000000000e+00 0.000000000000000000e+00 0.000000000000000000e+00 0.000000000000000000e+00 0.000000000000000000e+00 0.000000000000000000e+00 0.000000000000000000e+00 0.000000000000000000e+00 0.000000000000000000e+00 0.000000000000000000e+00 0.000000000000000000e+00 0.000000000000000000e+00 0.000000000000000000e+00 0.000000000000000000e+00 0.000000000000000000e+00 0.000000000000000000e+00 0.000000000000000000e+00 0.000000000000000000e+00
0.000000000000000000e+00 0.000000000000000000e+00 0.000000000000000000e+00 0.000000000000000000e+00 0.000000000000000000e+00 0.000000000000000000e+00 0.000000000000000000e+00 0.000000000000000000e+00 0.000000000000000000e+00 0.000000000000000000e+00 0.000000000000000000e+00 0.000000000000000000e+00 0.000000000000000000e+00 0.000000000000000000e+00 0.000000000000000000e+00 0.000000000000000000e+00 0.000000000000000000e+00 0.000000000000000000e+00 0.000000000000000000e+00 0.000000000000000000e+00
0.000000000000000000e+00 0.000000000000000000e+00 0.000000000000000000e+00 0.000000000000000000e+00 0.000000000000000000e+00 0.000000000000000000e+00 0.000000000000000000e+00 0.000000000000000000e+00 0.000000000000000000e+00 0.000000000000000000e+00 0.000000000000000000e+00 0.000000000000000000e+00 0.000000000000000000e+00 0.000000000000000000e+00 0.000000000000000000e+00 0.000000000000000000e+00 0.000000000000000000e+00 0.000000000000000000e+00 0.000000000000000000e+00 0.000000000000000000e+00
-4.615172732436251479e+00 -2.390462264387442026e+00 -4.505258976556339334e+00 -1.375523804827412988e+00 -1.116348809972393497e+00 -2.148932304726086429e+00 -2.060542105263158064e+00 -1.578947368421057540e-02 -1.933576025324480696e+00 -3.543385952813067341e+00 -3.858324868421054710e-01 -3.264083159356724551e+00 -2.454070901391409265e+00 -2.142850638726051749e+00 -3.339160752476263205e+00 -2.796657749999999609e+00 -2.194862046783625953e+00 -8.555526315789474534e-01 -2.178947368421052744e+00 -3.795725603448276253e+00
-1.263157894736842035e+00 -4.730220021392227636e+00 -1.879657894736841861e+00 -7.089473684210525484e-01 -1.575647890924477768e+00 -3.622710513269529642e+00 -1.692435000000000134e+00 -3.723215277888046515e+00 -2.504387123289473660e+00 -2.302682415204678534e+00 -2.046583463920928825e+00 -1.708777105263157958e+00 -3.384977550246724753e+00 -3.465549465789473871e+00 -2.481236842105263296e+00 0.000000000000000000e+00 -2.466278451007223982e+00 4.894736842105251728e-02 -2.498684210526315397e+00 -2.325836075123293156e+00
-1.263157894736842035e+00 -3.545411237144585392e+00 -3.167096052631579006e+00 -3.271597889140192006e+00 -1.605743451007224154e+00 -2.317894736842105452e+00 -4.896356624319418982e-01 0.000000000000000000e+00 -3.063157894736841858e+00 -3.525675000000000114e+00 -2.736434210526315969e+00 -3.142109210526315533e+00 0.000000000000000000e+00 0.000000000000000000e+00 -1.809505263157894950e+00 -3.314210526315789274e+00 0.000000000000000000e+00 0.000000000000000000e+00 -2.810526315789473539e+00 0.000000000000000000e+00
0.000000000000000000e+00 0.000000000000000000e+00 -1.777628856624319686e+00 -2.668499999999999872e+00 0.000000000000000000e+00 -1.321637426900584833e+00 0.000000000000000000e+00 0.000000000000000000e+00 -1.353111872059855836e+00 0.000000000000000000e+00 -1.466359831423631688e+00 0.000000000000000000e+00 -2.715868421052631820e+00 0.000000000000000000e+00 -3.262348599039702979e+00 0.000000000000000000e+00 0.000000000000000000e+00 -1.163909774436090006e+00 -2.655822398375645044e+00 -2.321052631578947256e+00
-2.436863883847549594e+00 0.000000000000000000e+00 -4.664779469871846551e+00 -4.158947368421053170e+00 -3.371439322444040876e+00 -2.873684210526315841e+00 -2.846842105263157841e+00 -3.489473684210525839e+00 -2.447368421052631859e+00 0.000000000000000000e+00 -4.763081308818035708e+00 -3.195789473684210513e+00 -4.818756407171465028e+00 -3.416842105263157681e+00 -4.275603647323147349e+00 0.000000000000000000e+00 -3.700736062036027008e+00 -4.291395879056421059e+00 -4.518631578947368332e+00 -4.936894736842105225e+00
-9.058546660479777302e+00 -6.306528947368421179e+00 -6.059702775660810836e+00 -8.578918315184512977e+00 -7.915689314064149329e+00 -7.183339314041555568e+00 -7.698392489523894433e+00 -6.938732866230242102e+00 -6.434197977106066446e+00 -9.163430085443462048e+00 -8.898404019628868511e+00 -4.468657894736841385e+00 -7.885394098936441942e+00 -7.364860908525734828e+00 -5.311364066420471985e+00 -8.806817895754804226e+00 -5.561741432556187803e+00 -4.152631578947368673e+00 -3.971289473684210147e+00 -3.757894736842104955e+00
-9.422543754370817481e+00 -7.171716728069089442e+00 -6.702899040683967691e+00 -7.173858664004109542e+00 -1.032715890161502514e+01 -8.213564858960651804e+00 -7.225788924646412426e+00 -3.818374914829176792e+00 -7.285507894736842793e+00 -6.086747368421052684e+00 -7.964550763008980461e+00 -5.337103764677750384e+00 -8.983327536227369237e+00 -7.924777968794868954e+00 -8.722962813726708120e+00 -7.605483371418065630e+00 -8.884284049161346175e+00 -8.210786682190743591e+00 -8.686350347783402981e+00 -6.362222065081320821e+00
-7.545303197243484306e+00 -1.048341568360837250e+01 -9.028106578543901861e+00 -8.701323144015892908e+00 -7.757644291364706568e+00 -1.110350800910635449e+01 -1.052697552657437186e+01 -7.903425010594307132e+00 -6.646780424285798183e+00 -7.663463261297330575e+00 -7.763923096744663077e+00 -9.710811333568788228e+00 -8.017496315486965841e+00 -6.340905255673348506e+00 -9.253809298887793133e+00 -6.774533515858005117e+00 -9.264217702194196491e+00 -9.073879018363134819e+00 -9.263537145480084334e+00 -7.644190553123600296e+00
-9.525801758143234821e+00 -1.238600998786444407e+01 -9.919677363026430328e+00 -1.059582081262751885e+01 -7.885468815789474561e+00 -8.751124301135014605e+00 -9.628576440684128102e+00 -9.823344868421052922e+00 -7.499892236842105930e+00 -7.372047611550428314e+00 -9.394191478945867146e+00 -9.134283630086505568e+00 -1.176864266088905531e+01 -1.139880620755833540e+01 -6.454973684210526308e+00 -1.030605513631578951e+01 -8.572917631578945930e+00 -1.147691555533333663e+01 -9.632477114693834608e+00 -1.067971315317258885e+01
-6.346451461988303677e+00 -6.258135789473683985e+00 -7.117397241547711140e+00 -7.692717350108852159e+00 -7.900445117461866396e+00 -6.651258395017432434e+00 -7.719899816163843909e+00 -4.681105263157894214e+00 -8.809826199946588332e+00 -7.047150412717065215e+00 -8.323288751944305730e+00 -8.133500688824181424e+00 -1.926315789473683981e+00 -7.760678947057232158e+00 -6.397990686988472397e+00 -7.233586172157567162e+00 -8.390181314276267344e+00 -6.329990723374326222e+00 -4.174353454418921139e+00 -3.226864816086455257e+00
-7.748935704453568718e+00 -7.239990557645175073e+00 -9.084197200750052659e+00 -5.033044573701946689e+00 -7.442835660131908782e+00 -9.128801585421314257e+00 -8.615903384122956865e+00 -8.206329083625730547e+00 -6.384132606341793803e+00 -8.013772630924664853e+00 -7.623048792861464307e+00 -7.640728039143168004e+00 -7.936621962122716312e+00 -7.339693206086576716e+00 -2.178947368421052744e+00 -7.548786947368421707e+00 -8.119093360196114162e+00 -5.223631578947368403e+00 -2.998421052631578654e+00 -6.270211943483062100e+00
-7.488762473684210441e+00 -6.539855293175200757e+00 -9.858618580095848571e+00 -8.155723553950103621e+00 -9.808612000279982368e+00 -7.822823226136350172e+00 -8.092759105263157338e+00 -8.485154301788751852e+00 -1.031737127116958774e+01 -8.683296447868338319e+00 -5.287421052631579244e+00 -7.609696588351817503e+00 -6.667750023476645360e+00 -5.094726843713369036e+00 -8.881675600624518552e+00 -6.056948250114324139e+00 -7.569175539794055219e+00 -2.873684210526315841e+00 -8.689547675292315532e+00 -9.218360354324222072e+00
-9.478656122519870664e+00 -9.743048309956039432e+00 -7.005231436711236270e+00 -9.707352308853344880e+00 -7.640717153806980022e+00 -1.034892986378062574e+01 -5.822306098591964130e+00 -7.519744736842105759e+00 -7.581565818022530046e+00 -5.372313927414660739e+00 -4.676842105263157023e+00 -7.842086650906739287e+00 -7.607892017856147326e+00 -6.848788481858059995e+00 -7.217656851957498176e+00 -7.480817018964953213e+00 -8.983995669090724334e+00 -9.004970089593530957e+00 -9.158724277285340776e+00 -4.321578947368420742e+00
-2.005263157894736636e+00 -1.989473684210526283e+00 -5.050022403524838666e+00 -2.886602037274984323e+00 -2.011535099299942342e+00 -2.194736842105263097e+00 -2.242105263157894601e+00 -1.828511349155763854e+00 -6.032661699573341529e+00 -3.059149027265998022e+00 -2.384210526315789558e+00 -5.356899999999999551e+00 -3.465449855295306136e+00 0.000000000000000000e+00 -3.907625730994152224e+00 -4.742684210526315169e+00 -2.293718992809814061e+00 -4.805001451905625665e+00 -3.188210583074726490e+00 0.000000000000000000e+00
0.000000000000000000e+00 0.000000000000000000e+00 0.000000000000000000e+00 0.000000000000000000e+00 0.000000000000000000e+00 0.000000000000000000e+00 -1.563157894736842302e+00 0.000000000000000000e+00 -1.989473684210526283e+00 -2.052631578947368141e+00 0.000000000000000000e+00 0.000000000000000000e+00 0.000000000000000000e+00 -2.925297940178235301e+00 0.000000000000000000e+00 -2.115789473684210442e+00 -2.494736842105262919e+00 0.000000000000000000e+00 0.000000000000000000e+00 0.000000000000000000e+00
0.000000000000000000e+00 0.000000000000000000e+00 0.000000000000000000e+00 0.000000000000000000e+00 0.000000000000000000e+00 -2.052631578947368141e+00 -3.464067983334483181e+00 0.000000000000000000e+00 0.000000000000000000e+00 0.000000000000000000e+00 0.000000000000000000e+00 0.000000000000000000e+00 0.000000000000000000e+00 0.000000000000000000e+00 0.000000000000000000e+00 -3.000000000000000000e+00 0.000000000000000000e+00 0.000000000000000000e+00 -2.242105263157894601e+00 0.000000000000000000e+00
0.000000000000000000e+00 0.000000000000000000e+00 0.000000000000000000e+00 0.000000000000000000e+00 0.000000000000000000e+00 -1.563157894736842302e+00 -2.257894736842104955e+00 0.000000000000000000e+00 0.000000000000000000e+00 0.000000000000000000e+00 0.000000000000000000e+00 0.000000000000000000e+00 0.000000000000000000e+00 0.000000000000000000e+00 -1.863157894736842124e+00 0.000000000000000000e+00 0.000000000000000000e+00 0.000000000000000000e+00 0.000000000000000000e+00 0.000000000000000000e+00
0.000000000000000000e+00 0.000000000000000000e+00 0.000000000000000000e+00 0.000000000000000000e+00 0.000000000000000000e+00 0.000000000000000000e+00 0.000000000000000000e+00 0.000000000000000000e+00 0.000000000000000000e+00 0.000000000000000000e+00 -2.257894736842104955e+00 0.000000000000000000e+00 0.000000000000000000e+00 0.000000000000000000e+00 0.000000000000000000e+00 0.000000000000000000e+00 0.000000000000000000e+00 0.000000000000000000e+00 0.000000000000000000e+00 0.000000000000000000e+00
0.000000000000000000e+00 -1.815789473684210398e+00 0.000000000000000000e+00 0.000000000000000000e+00 0.000000000000000000e+00 0.000000000000000000e+00 0.000000000000000000e+00 0.000000000000000000e+00 -4.558536840047666239e+00 0.000000000000000000e+00 0.000000000000000000e+00 0.000000000000000000e+00 0.000000000000000000e+00 0.000000000000000000e+00 0.000000000000000000e+00 0.000000000000000000e+00 0.000000000000000000e+00 0.000000000000000000e+00 0.000000000000000000e+00 0.000000000000000000e+00
0.000000000000000000e+00 0.000000000000000000e+00 0.000000000000000000e+00 0.000000000000000000e+00 0.000000000000000000e+00 0.000000000000000000e+00 0.000000000000000000e+00 0.000000000000000000e+00 0.000000000000000000e+00 0.000000000000000000e+00 0.000000000000000000e+00 0.000000000000000000e+00 -2.004946588351816938e+00 0.000000000000000000e+00 -2.115789473684210442e+00 0.000000000000000000e+00 0.000000000000000000e+00 0.000000000000000000e+00 0.000000000000000000e+00 0.000000000000000000e+00
-5.508679781862794833e+00 -4.640853095709842613e+00 -4.552141861657557520e+00 -5.503984428677214602e+00 -4.894929885641448486e+00 -5.507950681209294430e+00 -5.713558469251679206e+00 -4.625816033297475371e+00 -5.062746891088362844e+00 -4.525313558689484594e+00 -5.722216594682035584e+00 -5.653976269241257846e+00 -5.020380653322400910e+00 -6.559561319666833867e+00 -4.606848020548029332e+00 -4.751824321599181999e+00 -5.324280291762196526e+00 -3.894263471987267966e+00 -5.886146686858926280e+00 -2.889181736789600663e+00
-3.391959390205225855e+00 -4.349490556389175921e+00 -4.295414152412726061e+00 -5.823542122311742730e+00 -4.418169433353648756e+00 -5.327911051180409530e+00 -5.576228861586463914e+00 -5.343674046888451379e+00 -3.827852176632280390e+00 -4.887534520970176821e+00 -5.704895356092358760e+00 -5.947046630986134730e+00 -5.625144059237616290e+00 -6.689526274645810844e+00 -5.291155809744504168e+00 -5.895390621152497346e+00 -4.818857135872349318e+00 -3.647170757831959431e+00 -4.935951246816545179e+00 -6.019840442341012121e+00
-7.600614404007258962e+00 -6.162800340947004685e+00 -5.168297860010667932e+00 -4.522433381602847469e+00 -5.112065776913849113e+00 -4.762993008360771441e+00 -6.941599711200985290e+00 -4.896769778068774670e+00 -5.680708058436310992e+00 -8.053445205235501447e+00 -4.308160146278819269e+00 -5.365948363546027444e+00 -6.550492174285544422e+00 -4.546748998955425947e+00 -6.045149233303565239e+00 -6.621137838302344925e+00 -4.298619158277599439e+00 -5.596417003566018344e+00 -5.143094534548541041e+00 -6.068471494709408276e+00
-6.802226110320047425e+00 -7.944373202711110693e+00 -5.443116225024592580e+00 -7.576204401592675275e+00 -7.886037418820019518e+00 -5.748266218183340825e+00 -7.705621848271004382e+00 -8.812290154750000326e+00 -9.456023913420214200e+00 -6.713029665159345960e+00 -8.328840079011360586e+00 -7.144946483893567901e+00 -6.277785478863696866e+00 -6.298387059187436243e+00 -7.519796447918932536e+00 -6.663301504011515775e+00 -5.767102632208020552e+00 -6.452983940826459985e+00 -7.808538878162327279e+00 -5.900186452030742323e+00
-5.249119650078968746e+00 -4.195698009803362716e+00 -7.049287270622398793e+00 -6.375955307861444155e+00 -6.345863150829407218e+00 -6.125502335566145540e+00 -6.031027140511782569e+00 -5.421060786068374604e+00 -4.578959773511224185e+00 -8.027836264111300579e+00 -4.502012036314971155e+00 -4.539461133209797161e+00 -4.758481288999653280e+00 -5.462835514272671666e+00 -4.760748389877260678e+00 -7.163543436542509468e+00 -4.437649484144107426e+00 -5.183660951261680694e+00 -3.699006905231930098e+00 -2.804988899418332515e+00
-7.336227405350390640e+00 -8.307057388569013767e+00 -8.167156475041284835e+00 -7.951715860390410562e+00 -9.672162283799304205e+00 -8.647323210878214539e+00 -8.579615637769794745e+00 -9.101324502942546246e+00 -8.000132741042239815e+00 -7.739058832428156620e+00 -8.830687126024171718e+00 -8.509808337153121016e+00 -6.197059289139779992e+00 -9.078356581553991944e+00 -1.166432278201353689e+01 -8.438295582256847283e+00 -9.449793556782379866e+00 -1.139658479110300071e+01 -8.552044524583255480e+00 -6.487815650940231826e+00
-1.060150871796100525e+01 -6.476901711729230016e+00 -1.130604837339810231e+01 -1.052580152249318246e+01 -1.019569586625691571e+01 -8.584828634838265415e+00 -9.288980350544898457e+00 -8.521455818344126243e+00 -9.782691337795313302e+00 -8.939934374875001311e+00 -7.185507038706349547e+00 -1.018025056830413355e+01 -8.810221962662160067e+00 -1.021815855598040734e+01 -9.835900945659163952e+00 -9.885147442381114757e+00 -9.140709156421728210e+00 -9.828845057722212175e+00 -1.013183709067929605e+01 -1.125377716195779954e+01
-1.193554319342465853e+01 -1.014825021816656836e+01 -1.211100305551734202e+01 -8.105469614122837285e+00 -1.107445236438040581e+01 -7.468814181377918082e+00 -1.071469512816357295e+01 -1.046801744003320067e+01 -8.433111711282013090e+00 -1.055646447144665956e+01 -1.078591904374066779e+01 -1.140869844286479662e+01 -9.353092863768024401e+00 -1.321242088592052610e+01 -1.094750051652783718e+01 -1.293718618098513140e+01 -1.063186894925026316e+01 -1.082123407582575680e+01 -1.054143027317971715e+01 -1.239293951600998867e+01
-1.151848140897794437e+01 -1.409100410606032661e+01 -1.562561626565108064e+01 -1.300883740037743586e+01 -1.100888381727182264e+01 -1.582996406419320401e+01 -1.484103924603141955e+01 -1.504947140402165218e+01 -1.572843308512376836e+01 -1.630801791465587769e+01 -1.389457800614338367e+01 -1.402916719383067878e+01 -1.448860380693849059e+01 -1.131868246794152277e+01 -1.294752436921624472e+01 -1.194232339220810779e+01 -1.293730648884797318e+01 -1.509424499021372768e+01 -1.200952334431766921e+01 -1.318411204028825345e+01
-1.653179843206544675e+01 -1.506994985296182321e+01 -1.469101702638287144e+01 -1.477250091303732304e+01 -1.177162088830054820e+01 -1.193176268250175909e+01 -1.562538819160336168e+01 -1.540591936901324743e+01 -1.375266204034935136e+01 -1.628086162720599361e+01 -1.381348665365243811e+01 -1.207745592403805190e+01 -1.707891929891795613e+01 -1.445859928924671323e+01 -1.482394623771775422e+01 -1.575989312059408043e+01 -1.377219524105571402e+01 -1.521165101420937305e+01 -1.682570820771730880e+01 -1.546189819660911091e+01
-1.804597673726958362e+01 -1.926938221118167860e+01 -1.733938423520541861e+01 -1.583229811214408222e+01 -1.582008207290896529e+01 -1.816110461548878163e+01 -1.521309069248270518e+01 -2.070556068028288621e+01 -1.844630158685841437e+01 -2.072035985278235160e+01 -2.060961059987138455e+01 -1.834439439641726111e+01 -1.939591270150787494e+01 -1.699102577932826819e+01 -1.841117363551340702e+01 -2.005461182015900334e+01 -1.561161382723265412e+01 -2.038332817100631900e+01 -1.939773083523157027e+01 -1.805560485926520897e+01
-1.822046010253925274e+01 -1.671804809146331650e+01 -1.707011494403115037e+01 -1.705143136504645085e+01 -1.743637013187378315e+01 -1.728207722929068879e+01 -1.777094878329316074e+01 -1.786565376661534188e+01 -1.901350580444541905e+01 -1.704731310722334214e+01 -1.744767449559691030e+01 -1.769572576692254984e+01 -1.876537294129106215e+01 -1.892035798612733899e+01 -1.700950865962339620e+01 -1.745253903093598780e+01 -1.449179173825777056e+01 -1.885276310970687064e+01 -1.561330404740687428e+01 -1.859216686516452199e+01
-2.016167462897152163e+01 -1.690301821266764648e+01 -2.121055349940497692e+01 -1.964949493382085066e+01 -2.149521839297866421e+01 -1.904111624653830148e+01 -1.909844136810184168e+01 -1.912723292345345882e+01 -1.830695650715327005e+01 -1.958996761713512669e+01 -2.179283714836218167e+01 -1.936139553009523695e+01 -2.026906410870500252e+01 -2.079240342135301489e+01 -2.193679736410112469e+01 -2.000197773769260579e+01 -2.006304042063714732e+01 -1.785931330225610481e+01 -1.976086854269261295e+01 -1.871368588714609871e+01
-2.367061557383243553e+01 -2.309620364584463914e+01 -2.607431753453990453e+01 -2.603422652498769452e+01 -2.536391990563589616e+01 -2.063471364770801841e+01 -2.656393746545704460e+01 -2.413978444461597661e+01 -2.252229704701038671e+01 -2.343798596245605381e+01 -2.632384368339704039e+01 -2.459128316032244754e+01 -2.394638985589528701e+01 -2.463864083100522961e+01 -2.566928146417000534e+01 -2.413730238302899522e+01 -2.607137010204243310e+01 -2.306503134640166763e+01 -2.589705413544546175e+01 -2.592265018063610071e+01
-2.411371411687395749e+01 -2.820088109627230111e+01 -2.841054505367343097e+01 -2.765317344139683087e+01 -2.632205692132973240e+01 -2.558986481889155939e+01 -2.811734293621481839e+01 -2.628252198325636613e+01 -2.749329404468421245e+01 -2.761351140513737334e+01 -2.699261490269844899e+01 -2.827990273152890310e+01 -2.467467552443009282e+01 -2.627818741316845674e+01 -2.694031363321449746e+01 -2.586611216261650981e+01 -2.557442549395853959e+01 -2.747213471770882620e+01 -2.604795472642932452e+01 -2.221905288616476071e+01
-2.867069363389133585e+01 -2.645022512874944454e+01 -3.059328726824497835e+01 -2.790548989857177276e+01 -3.000511052379172483e+01 -2.986047353214470945e+01 -2.757739348766794762e+01 -2.668033386410762731e+01 -2.729559459190032911e+01 -3.003406298368012983e+01 -2.837368205058078630e+01 -2.673378867984357043e+01 -3.012974326636640399e+01 -3.162287856367094463e+01 -3.020719164909814225e+01 -2.930798088465156681e+01 -2.946182928585430005e+01 -2.698380273227821036e+01 -2.924436794176523691e+01 -2.634867530580072525e+01
-2.747865213876434964e+01 -2.914081822104840214e+01 -2.814145394707099967e+01 -3.021590315302718111e+01 -2.658040923538737843e+01 -2.615279781195274822e+01 -2.644332264419796630e+01 -2.676072814785549880e+01 -2.917534172179501795e+01 -3.143348138112765255e+01 -2.917381478215461854e+01 -2.526375237099868087e+01 -2.870061835594468391e+01 -2.722308302422316117e+01 -2.672998468303724806e+01 -3.002501995663174839e+01 -2.514836845282430389e+01 -2.662896350306500182e+01 -3.038589393597450083e+01 -2.968875200227327582e+01
-2.648648380677530056e+01 -2.339281483623165769e+01 -2.355038386732312716e+01 -2.465528839235977543e+01 -2.412457773659322768e+01 -2.316153370989078297e+01 -2.601053268718633760e+01 -2.628763305312989473e+01 -2.748027302965788721e+01 -2.328705866863303697e+01 -2.496751094177137631e+01 -2.696507706222545764e+01 -2.446248103898612314e+01 -2.521058883153297359e+01 -2.305326620799298354e+01 -2.701727082900664811e+01 -2.810288587014405337e+01 -2.437717851696787363e+01 -2.275835757785695534e+01 -2.277496431489944229e+01
-2.959500975940385459e+01 -2.584776834673364121e+01 -2.915170222276959677e+01 -2.948135485863880234e+01 -2.649304221796416314e+01 -2.725891142968027836e+01 -2.434941657411095406e+01 -2.846274294054252607e+01 -2.929659045627703762e+01 -2.863090471096821688e+01 -2.869858858194472617e+01 -2.923301372958037447e+01 -2.700781440742243689e+01 -2.902244744050029723e+01 -2.816818440279244484e+01 -2.892980468926783644e+01 -2.795603836594576919e+01 -2.902282920395859023e+01 -2.911719310343166711e+01 -2.748802466553821944e+01
-2.455077727981545266e+01 -2.447029843039997132e+01 -2.381315295367993556e+01 -2.650663294043965479e+01 -2.469521955148631776e+01 -2.613980134089846530e+01 -2.712642271683401418e+01 -2.578191848778813622e+01 -2.418880379364295052e+01 -2.680739156938648549e+01 -2.453133357445530649e+01 -2.653956903389248367e+01 -2.497683692874292305e+01 -2.467134605568304906e+01 -2.619122324004739966e+01 -2.075932278387684349e+01 -2.563176548228664231e+01 -2.597885929042130115e+01 -2.574803052525165725e+01 -2.627742548288134827e+01
-3.919957026274882406e+00 -4.631956902062276171e+00 -3.652189413445274369e+00 -3.538691988786550002e+00 -3.679292344583474428e+00 -5.508304745653887835e+00 -4.225135142115737708e+00 -2.313767837107695957e+00 -2.602328187706007157e+00 -1.311723839619883147e+00 -2.769920131578947675e+00 -2.266672514619883394e+00 -3.487759204432027360e+00 -4.528768650459482181e+00 -4.721676262712128924e+00 -3.627930618212197089e+00 -3.641629958954506918e+00 -3.733875394736841713e+00 -3.237404975584795341e+00 -3.611691928362573023e+00
-2.983894115361348298e+00 -3.780061584198310509e+00 -2.692100302491197361e+00 -3.341960056801486889e+00 -3.230261300577462524e+00 -2.841180190150930152e+00 -4.160399569194669134e+00 -2.249152912060716325e+00 -3.344781921545033399e+00 -2.353506526517443298e+00 -2.608526416616253840e+00 -3.535149585421642371e+00 -1.917322040734021071e-01 -1.761441036499294510e+00 -2.781385677489797814e+00 -1.943546884452510337e+00 -2.483671701956039701e+00 -3.201122082030035010e+00 -3.027253072335148509e+00 -2.759134432738715059e+00
-3.885059688469120864e+00 -3.205571181105435041e+00 -4.306669458114032345e+00 -3.159812203289471544e+00 -3.010327777777777936e+00 -3.992979691010201115e+00 -3.876031209441355152e+00 -3.797757330548931609e+00 -2.557332894736842110e+00 -2.786666350411847404e+00 -2.570305472013366899e+00 -3.310666376634443964e+00 -3.188183396913538026e+00 -2.482225973049974055e+00 -3.470611929824561681e+00 -5.252258841666666456e+00 -3.752406688496198850e+00 -4.613679090430622409e+00 -3.975465002959282401e+00 -3.196113202768474437e+00
-3.294212529016511404e+00 -1.975637706766917301e+00 -3.150308682792287485e+00 -3.780527156912400599e+00 -3.308634775925784144e+00 -2.886127566969727276e+00 -2.819437979107154657e+00 -3.172105981838146960e+00 -4.061722719249468483e+00 -3.784036791323365012e+00 -4.331405396624800730e+00 -4.127625441649343863e+00 -3.412017616448298707e+00 -3.943621113020365776e+00 -4.992803523487537198e+00 -2.693244688758240191e+00 -4.733320630255663630e+00 -3.982311211623236424e+00 -1.557448027139819446e+00 -3.954779673139415586e+00
-3.168854236245785660e+00 -2.391403508771929864e+00 -2.580601095014116275e+00 -1.729196024269006093e+00 -3.333268040128653187e+00 -2.799538597368421033e+00 -3.368435752179692155e+00 -3.460769120335734250e+00 -3.371028363861735766e+00 -3.377570704601327911e+00 -2.347461988304093694e+00 -2.550125357794420289e+00 -3.311176535380117247e+00 -3.620112896784164480e+00 -1.752631578947368318e+00 -3.638430156432748142e+00 -3.026711772402976841e+00 -3.844623853799175706e+00 -1.901615987404408736e+00 -3.211367659385965467e+00
-3.071311521714100046e+00 -2.962864120062054241e+00 -3.148245581053690678e+00 -3.789919128683406413e+00 -2.894850731827204982e+00 -3.992044154014157353e+00 -3.148110945663317839e+00 -4.457802855196640657e+00 -3.745353966382426680e+00 -2.732179824971436854e+00 -2.822381141201488752e+00 -3.800196448222691092e+00 -4.077829266071451464e+00 -3.691788707032681138e+00 -3.985364285805339968e+00 -3.714355450027963634e+00 -1.452248242434210912e+00 -2.330982204278309489e+00 -2.636880748621264203e+00 -4.394136895366343332e+00
-4.077288612563487291e+00 -3.159476034304511849e+00 -3.207308770313905821e+00 -2.306822882071528191e+00 -2.854133559755449578e+00 -3.312888007390726308e+00 -3.387703527547273996e+00 -2.844711688873707178e+00 -3.505472933096807964e+00 -3.835667494785669263e+00 -4.612681740974394096e+00 -4.732805160811623502e+00 -3.548965948975950191e+00 -2.368452540508348747e+00 -2.806597400575182810e+00 -3.595688611555537761e+00 -2.609445687696806182e+00 -4.452647088662743613e+00 -2.592690845872417604e+00 -3.607078565595162267e+00
-2.934817669172932408e+00 -3.126356812071846569e+00 -3.297129926942838019e+00 -4.151466005884768329e+00 -3.519836261813337419e+00 -4.078008927424769503e+00 -4.701288591442797760e+00 -3.426327631578947042e+00 -5.526613096094338928e+00 -2.828990637970647981e+00 -3.970320093318713273e+00 -4.052163473818055195e+00 -4.075630503615851552e+00 -3.698972488583835982e+00 -5.431787889411250347e+00 -4.938896448510066151e+00 -5.075449007680643554e+00 -5.074119836001205641e+00 -4.590165007698425725e+00 -4.754503000498374377e+00
-4.799115179723544067e+00 -5.518170019887426392e+00 -4.066664235992576870e+00 -4.361056762143352472e+00 -2.564570988234565085e+00 -2.631671812865497451e+00 -4.229998356134281323e+00 -3.615429797715303373e+00 -2.788696221360730032e+00 -3.834077297146841534e+00 -4.298292441197419045e+00 -5.007902505968014673e+00 -3.584773350726268237e+00 -4.674568759210625757e+00 -5.110204465712567590e+00 -4.103566376479649946e+00 -4.858547859164957572e+00 -4.729162628173832594e+00 -2.519209792929292924e+00 -3.242378135069103884e+00
-1.953161052631579242e+00 -3.008320399108812104e+00 -3.587333793662808912e+00 -3.069469007916605818e+00 -3.713119216959064772e+00 -4.077599717406433122e+00 -4.150311701001907494e+00 -3.637376092421952478e+00 -3.637960158547902001e+00 -3.376110138630753710e+00 -3.756867464283144553e+00 -2.668071465991903146e+00 -3.503333311192636579e+00 -3.675401613845787008e+00 -3.395936086847421542e+00 -3.171299598936736075e+00 -4.606750674478070628e+00 -2.622591282427075399e+00 -3.384852776392593743e+00 -3.543604287119693108e+00
-6.413624847356898862e+00 -4.851588130010603628e+00 -4.080908464621699316e+00 -2.996280995009676484e+00 -3.309147819199529827e+00 -4.612160438765098291e+00 -3.504436095200055501e+00 -4.230865313213865164e+00 -3.695382336965869818e+00 -5.163992729554661487e+00 -5.803176899139314671e+00 -4.882383758481502412e+00 -3.287185606317510889e+00 -4.919450068444250590e+00 -5.543831812844351781e+00 -5.599223964400029452e+00 -4.218770119278006270e+00 -3.939619209038046410e+00 -3.454117074058519421e+00 -5.464564151171602546e+00
-4.150717680712197044e+00 -5.992119085957634539e+00 -4.322696753725234764e+00 -4.028823491179851501e+00 -5.893811040824946446e+00 -4.570353315499757763e+00 -4.422507927848713827e+00 -4.853738996953425477e+00 -4.615423175014829127e+00 -5.104157296556379286e+00 -4.776239462138908820e+00 -5.426161708319813926e+00 -5.055641695078499254e+00 -5.440620337037520571e+00 -5.377179836546005731e+00 -5.643943259328925599e+00 -3.973310089971184844e+00 -5.079784407086465947e+00 -5.224969481770749269e+00 -6.343452424200758166e+00
-3.432282338011696243e+00 -5.403331910438236463e+00 -5.458552334570579312e+00 -4.936329482692941362e+00 -4.820370095920688769e+00 -2.728796450683333319e+00 -4.656210505256550114e+00 -3.017022198888888784e+00 -5.038238267564397077e+00 -4.598283181569937206e+00 -5.830729390346913732e+00 -5.044501221614211772e+00 -6.435595631860364207e+00 -4.240193779449803912e+00 -6.099889373881427268e+00 -3.973647299003716604e+00 -3.916886000058479311e+00 -4.898120692552111244e+00 -6.248528595829427879e+00 -6.283728607246129805e+00
-3.367316087831960569e+00 -3.890496397287684704e+00 -5.366399183774655413e+00 -3.398748472795764197e+00 -3.143655296686858058e+00 -5.139549153312077401e+00 -5.516615353644986897e+00 -3.033782548051869643e+00 -4.924136707428901971e+00 -5.083293047314601409e+00 -5.015209242058710437e+00 -2.027240667185204348e+00 -4.544023292207059583e+00 -4.374399195871022883e+00 -3.901368605254715405e+00 -2.820572979949874437e+00 -4.939698782456139803e+00 -6.176812001067887081e+00 -4.225919076094736937e+00 -4.950904340478936128e+00
-8.060727310915408950e+00 -5.950784376849561852e+00 -4.016358939904441705e+00 -5.012493310732669904e+00 -5.800507511425576190e+00 -4.798746933019783611e+00 -3.187679338404177276e+00 -3.238983662408677855e+00 -4.520073322321555231e+00 -4.945149329465913013e+00 -4.463877504347485647e+00 -6.242743368101637103e+00 -6.408123703233117752e+00 -2.597146596007708030e+00 -6.072279104635825320e+00 -7.090804355138571324e+00 -4.491269832572126752e+00 -4.489439879943559752e+00 -6.091201237113512690e+00 -5.164477936960410354e+00
-3.720297590665792242e+00 -4.329934607455808937e+00 -5.634837906998941826e+00 -6.538837990749525098e+00 -5.865964556735361768e+00 -5.237274925432965134e+00 -2.832356480781144548e+00 -4.083192110949889653e+00 -4.425199788744734519e+00 -5.050391094334163888e+00 -4.265643042809188046e+00 -4.002528310204260364e+00 -5.156404208060322070e+00 -5.636843769277539273e+00 -5.690948696174184640e+00 -6.447223487323714863e+00 -5.411504312974494191e+00 -5.902515990656409528e+00 -5.251893337530852079e+00 -5.909781730274913158e+00
-5.275159936666595328e+00 -4.238175115779342583e+00 -4.772394661636091939e+00 -7.138756461592147495e+00 -4.052452741594259500e+00 -3.868003131905472625e+00 -4.601403782685797417e+00 -5.087510835388863839e+00 -2.308804824561403457e+00 -4.545702243237301765e+00 -5.952665673265594037e+00 -4.671599953855145593e+00 -3.455662280933525565e+00 -5.570486847212777093e+00 -4.178807125995033900e+00 -3.693472714857227501e+00 -2.907497807017543678e+00 -2.060544590643274887e+00 -4.110084976709210025e+00 -3.890740299065911678e+00
-9.667098628399742211e+00 -6.229948359396261459e+00 -6.179752416639541224e+00 -6.765301569921215119e+00 -5.539886011878909500e+00 -7.349951829446948359e+00 -7.801325178108499792e+00 -6.351245512808453952e+00 -9.172413589890419772e+00 -7.258628413811341495e+00 -8.158100320645022663e+00 -8.182274892235602337e+00 -3.999620205380116644e+00 -5.492237051378051405e+00 -7.722606007271718198e+00 -4.981038041310366538e+00 -8.763199507693315127e+00 -7.853978095464033693e+00 -6.728081282184685818e+00 -4.924621914865007888e+00
-7.918133287708472245e+00 -6.952456687563970839e+00 -8.558587347876612128e+00 -4.571991496363925656e+00 -6.982390697363725529e+00 -6.818412365827606791e+00 -7.500998493729804650e+00 -8.446607252196521642e+00 -7.007624761118006695e+00 -1.067972810326107691e+01 -8.185659589034777639e+00 -7.928122053733192232e+00 -7.310812653250283510e+00 -5.902451030333802251e+00 -7.458463267834071431e+00 -9.164263952889321274e+00 -7.509683256603553403e+00 -7.709471137499361859e+00 -7.286258360632684727e+00 -7.031179996625136042e+00
-8.884842255277657586e+00 -9.647745752856968338e+00 -9.726995023855145917e+00 -6.919616825182218101e+00 -1.004213047517825785e+01 -8.669644464813215379e+00 -5.709192612556392099e+00 -1.005711442276450640e+01 -9.222865737785603812e+00 -7.849757165470255593e+00 -8.586565751002648739e+00 -9.464400481979650337e+00 -6.701527246375885483e+00 -6.937449142269421998e+00 -8.526390861869247217e+00 -8.517861542526269147e+00 -8.150149278794424745e+00 -6.049348973684209874e+00 -6.548864189765950528e+00 -6.349392975593318056e+00
0.000000000000000000e+00 0.000000000000000000e+00 0.000000000000000000e+00 0.000000000000000000e+00 0.000000000000000000e+00 0.000000000000000000e+00 0.000000000000000000e+00 0.000000000000000000e+00 0.000000000000000000e+00 0.000000000000000000e+00 0.000000000000000000e+00 0.000000000000000000e+00 0.000000000000000000e+00 0.000000000000000000e+00 0.000000000000000000e+00 0.000000000000000000e+00 0.000000000000000000e+00 0.000000000000000000e+00 0.000000000000000000e+00 0.000000000000000000e+00
0.000000000000000000e+00 0.000000000000000000e+00 0.000000000000000000e+00 0.000000000000000000e+00 0.000000000000000000e+00 0.000000000000000000e+00 0.000000000000000000e+00 0.000000000000000000e+00 0.000000000000000000e+00 0.000000000000000000e+00 0.000000000000000000e+00 0.000000000000000000e+00 0.000000000000000000e+00 0.000000000000000000e+00 0.000000000000000000e+00 0.000000000000000000e+00 0.000000000000000000e+00 0.000000000000000000e+00 0.000000000000000000e+00 0.000000000000000000e+00
0.000000000000000000e+00 0.000000000000000000e+00 0.000000000000000000e+00 0.000000000000000000e+00 0.000000000000000000e+00 0.000000000000000000e+00 0.000000000000000000e+00 0.000000000000000000e+00 0.000000000000000000e+00 0.000000000000000000e+00 0.000000000000000000e+00 0.000000000000000000e+00 0.000000000000000000e+00 0.000000000000000000e+00 0.000000000000000000e+00 0.000000000000000000e+00 0.000000000000000000e+00 0.000000000000000000e+00 0.000000000000000000e+00 0.000000000000000000e+00
0.000000000000000000e+00 0.000000000000000000e+00 0.000000000000000000e+00 0.000000000000000000e+00 0.000000000000000000e+00 0.000000000000000000e+00 0.000000000000000000e+00 0.000000000000000000e+00 0.000000000000000000e+00 0.000000000000000000e+00 0.000000000000000000e+00 0.000000000000000000e+00 0.000000000000000000e+00 0.000000000000000000e+00 0.000000000000000000e+00 0.000000000000000000e+00 0.000000000000000000e+00 0.000000000000000000e+00 0.000000000000000000e+00 0.000000000000000000e+00
0.000000000000000000e+00 0.000000000000000000e+00 0.000000000000000000e+00 0.000000000000000000e+00 0.000000000000000000e+00 0.000000000000000000e+00 0.000000000000000000e+00 0.000000000000000000e+00 0.000000000000000000e+00 0.000000000000000000e+00 0.000000000000000000e+00 0.000000000000000000e+00 0.000000000000000000e+00 0.000000000000000000e+00 0.000000000000000000e+00 0.000000000000000000e+00 0.000000000000000000e+00 0.000000000000000000e+00 0.000000000000000000e+00 0.000000000000000000e+00
0.000000000000000000e+00 0.000000000000000000e+00 0.000000000000000000e+00 0.000000000000000000e+00 0.000000000000000000e+00 0.000000000000000000e+00 0.000000000000000000e+00 0.000000000000000000e+00 0.000000000000000000e+00 0.000000000000000000e+00 0.000000000000000000e+00 0.000000000000000000e+00 -6.180942552459581796e-01 0.000000000000000000e+00 0.000000000000000000e+00 0.000000000000000000e+00 0.000000000000000000e+00 0.000000000000000000e+00 0.000000000000000000e+00 0.000000000000000000e+00
0.000000000000000000e+00 0.000000000000000000e+00 0.000000000000000000e+00 0.000000000000000000e+00 0.000000000000000000e+00 0.000000000000000000e+00 0.000000000000000000e+00 0.000000000000000000e+00 0.000000000000000000e+00 0.000000000000000000e+00 0.000000000000000000e+00 0.000000000000000000e+00 0.000000000000000000e+00 0.000000000000000000e+00 0.000000000000000000e+00 0.000000000000000000e+00 0.000000000000000000e+00 0.000000000000000000e+00 0.000000000000000000e+00 0.000000000000000000e+00
0.000000000000000000e+00 0.000000000000000000e+00 0.000000000000000000e+00 0.000000000000000000e+00 0.000000000000000000e+00 0.000000000000000000e+00 0.000000000000000000e+00 0.000000000000000000e+00 0.000000000000000000e+00 0.000000000000000000e+00 0.000000000000000000e+00 0.000000000000000000e+00 0.000000000000000000e+00 0.000000000000000000e+00 0.000000000000000000e+00 0.000000000000000000e+00 0.000000000000000000e+00 0.000000000000000000e+00 0.000000000000000000e+00 0.000000000000000000e+00
0.000000000000000000e+00 0.000000000000000000e+00 0.000000000000000000e+00 0.000000000000000000e+00 0.000000000000000000e+00 0.000000000000000000e+00 0.000000000000000000e+00 0.000000000000000000e+00 0.000000000000000000e+00 0.000000000000000000e+00 0.000000000000000000e+00 0.000000000000000000e+00 0.000000000000000000e+00 0.000000000000000000e+00 0.000000000000000000e+00 0.000000000000000000e+00 0.000000000000000000e+00 0.000000000000000000e+00 0.000000000000000000e+00 0.000000000000000000e+00
0.000000000000000000e+00 0.000000000000000000e+00 0.000000000000000000e+00 0.000000000000000000e+00 0.000000000000000000e+00 0.000000000000000000e+00 0.000000000000000000e+00 0.000000000000000000e+00 0.000000000000000000e+00 0.000000000000000000e+00 0.000000000000000000e+00 0.000000000000000000e+00 0.000000000000000000e+00 0.000000000000000000e+00 0.000000000000000000e+00 0.000000000000000000e+00 0.000000000000000000e+00 0.000000000000000000e+00 0.000000000000000000e+00 0.000000000000000000e+00
0.000000000000000000e+00 0.000000000000000000e+00 0.000000000000000000e+00 0.000000000000000000e+00 0.000000000000000000e+00 0.000000000000000000e+00 0.000000000000000000e+00 0.000000000000000000e+00 0.000000000000000000e+00 0.000000000000000000e+00 0.000000000000000000e+00 0.000000000000000000e+00 0.000000000000000000e+00 0.000000000000000000e+00 0.000000000000000000e+00 0.000000000000000000e+00 0.000000000000000000e+00 0.000000000000000000e+00 0.000000000000000000e+00 0.000000000000000000e+00
0.000000000000000000e+00 0.000000000000000000e+00 0.000000000000000000e+00 0.000000000000000000e+00 0.000000000000000000e+00 0.000000000000000000e+00 0.000000000000000000e+00 0.000000000000000000e+00 0.000000000000000000e+00 0.000000000000000000e+00 0.000000000000000000e+00 0.000000000000000000e+00 0.000000000000000000e+00 0.000000000000000000e+00 0.000000000000000000e+00 0.000000000000000000e+00 0.000000000000000000e+00 0.000000000000000000e+00 0.000000000000000000e+00 0.000000000000000000e+00
0.000000000000000000e+00 0.000000000000000000e+00 -1.697023593466424618e+00 0.000000000000000000e+00 -2.573684210526316019e+00 0.000000000000000000e+00 0.000000000000000000e+00 0.000000000000000000e+00 0.000000000000000000e+00 0.000000000000000000e+00 0.000000000000000000e+00 0.000000000000000000e+00 0.000000000000000000e+00 0.000000000000000000e+00 0.000000000000000000e+00 0.000000000000000000e+00 0.000000000000000000e+00 0.000000000000000000e+00 0.000000000000000000e+00 0.000000000000000000e+00
0.000000000000000000e+00 0.000000000000000000e+00 0.000000000000000000e+00 0.000000000000000000e+00 0.000000000000000000e+00 0.000000000000000000e+00 0.000000000000000000e+00 0.000000000000000000e+00 0.000000000000000000e+00 0.000000000000000000e+00 0.000000000000000000e+00 0.000000000000000000e+00 0.000000000000000000e+00 0.000000000000000000e+00 0.000000000000000000e+00 0.000000000000000000e+00 0.000000000000000000e+00 0.000000000000000000e+00 0.000000000000000000e+00 0.000000000000000000e+00
0.000000000000000000e+00 0.000000000000000000e+00 0.000000000000000000e+00 0.000000000000000000e+00 0.000000000000000000e+00 0.000000000000000000e+00 0.000000000000000000e+00 0.000000000000000000e+00 0.000000000000000000e+00 0.000000000000000000e+00 0.000000000000000000e+00 0.000000000000000000e+00 0.000000000000000000e+00 0.000000000000000000e+00 0.000000000000000000e+00 0.000000000000000000e+00 0.000000000000000000e+00 0.000000000000000000e+00 0.000000000000000000e+00 0.000000000000000000e+00
0.000000000000000000e+00 0.000000000000000000e+00 0.000000000000000000e+00 0.000000000000000000e+00 0.000000000000000000e+00 0.000000000000000000e+00 0.000000000000000000e+00 0.000000000000000000e+00 0.000000000000000000e+00 0.000000000000000000e+00 0.000000000000000000e+00 0.000000000000000000e+00 0.000000000000000000e+00 0.000000000000000000e+00 0.000000000000000000e+00 0.000000000000000000e+00 0.000000000000000000e+00 0.000000000000000000e+00 0.000000000000000000e+00 0.000000000000000000e+00
0.000000000000000000e+00 0.000000000000000000e+00 0.000000000000000000e+00 0.000000000000000000e+00 0.000000000000000000e+00 0.000000000000000000e+00 0.000000000000000000e+00 0.000000000000000000e+00 0.000000000000000000e+00 0.000000000000000000e+00 0.000000000000000000e+00 0.000000000000000000e+00 0.000000000000000000e+00 0.000000000000000000e+00 0.000000000000000000e+00 0.000000000000000000e+00 0.000000000000000000e+00 0.000000000000000000e+00 0.000000000000000000e+00 0.000000000000000000e+00
0.000000000000000000e+00 0.000000000000000000e+00 -6.631578947368421684e-01 0.000000000000000000e+00 0.000000000000000000e+00 0.000000000000000000e+00 0.000000000000000000e+00 0.000000000000000000e+00 0.000000000000000000e+00 0.000000000000000000e+00 0.000000000000000000e+00 0.000000000000000000e+00 0.000000000000000000e+00 0.000000000000000000e+00 0.000000000000000000e+00 0.000000000000000000e+00 0.000000000000000000e+00 0.000000000000000000e+00 0.000000000000000000e+00 0.000000000000000000e+00
0.000000000000000000e+00 0.000000000000000000e+00 0.000000000000000000e+00 0.000000000000000000e+00 0.000000000000000000e+00 0.000000000000000000e+00 0.000000000000000000e+00 0.000000000000000000e+00 0.000000000000000000e+00 -3.000000000000000000e+00 0.000000000000000000e+00 0.000000000000000000e+00 0.000000000000000000e+00 0.000000000000000000e+00 0.000000000000000000e+00 0.000000000000000000e+00 0.000000000000000000e+00 0.000000000000000000e+00 0.000000000000000000e+00 0.000000000000000000e+00
0.000000000000000000e+00 0.000000000000000000e+00 0.000000000000000000e+00 0.000000000000000000e+00 0.000000000000000000e+00 0.000000000000000000e+00 0.000000000000000000e+00 0.000000000000000000e+00 0.000000000000000000e+00 0.000000000000000000e+00 0.000000000000000000e+00 0.000000000000000000e+00 0.000000000000000000e+00 0.000000000000000000e+00 -2.100000000000000089e+00 0.000000000000000000e+00 0.000000000000000000e+00 0.000000000000000000e+00 -6.962338202937450315e-01 0.000000000000000000e+00
